0 0 0 0 0 0 0 0 0 0 0 0 0 0 0 0 0 0 0 0 0 0 0 0 0 0 0 0 0 0 0 0 0 0 0 0 0 0 0 0 0 0 0 0 0 0 0 0 0 0 0 0 0 0 0 0 0 0 0 0 0 0 0 0 0 0 0 0 0 0 -1 0 0 0 0 0 0 0 0 0 0 0 0 0 0 0 0 0 0 0 0 0 0 0 0 0 0 0 0 0 0 0 0 0 0 0 0 0 0 0 0 0 0 0 0 0 0 0 0 0 0 0 0 0 0 0 0 0 0 0 0 0 0 0 0 0 0 0 0 0 0
0 0 0 0 0 0 0 0 0 0 0 0 0 0 0 0 0 0 0 0 0 0 0 0 0 0 0 0 0 0 0 0 0 0 0 0 0 0 0 0 0 0 0 0 0 0 0 0 0 0 0 0 0 0 0 0 0 0 0 0 0 0 0 0 0 0 0 0 0 0 1 0 0 0 0 0 0 0 0 0 0 0 0 0 0 0 0 0 0 0 0 0 0 0 0 0 0 0 0 0 0 0 0 0 0 0 0 0 0 0 0 0 0 0 0 0 0 0 0 0 0 0 0 0 0 0 0 0 0 0 0 0 0 0 0 0 0 0 0 0 0
0 0 0 0 0 0 0 0 0 0 0 0 0 0 0 0 0 0 0 0 0 0 0 0 0 0 0 0 0 0 0 0 0 0 0 0 0 0 0 0 0 0 0 0 0 0 0 0 0 0 0 0 0 0 0 0 0 0 0 0 0 0 0 0 0 0 0 0 0 1 -1 1 0 0 0 0 0 0 0 0 0 0 0 0 0 0 0 0 0 0 0 0 0 0 0 0 0 0 0 0 0 0 0 0 0 0 0 0 0 0 0 0 0 0 0 0 0 0 0 0 0 0 0 0 0 0 0 0 0 0 0 0 0 0 0 0 0 0 0 0 0
0 0 0 0 0 0 0 0 0 0 0 0 0 0 0 0 0 0 0 0 0 0 0 0 0 0 0 0 0 0 0 0 0 0 0 0 0 0 0 0 0 0 0 0 0 0 0 0 0 0 0 0 0 0 0 0 0 0 0 0 0 0 0 0 0 0 0 0 0 1 0 1 0 0 0 0 0 0 0 0 0 0 0 0 0 0 0 0 0 0 0 0 0 0 0 0 0 0 0 0 0 0 0 0 0 0 0 0 0 0 0 0 0 0 0 0 0 0 0 0 0 0 0 0 0 0 0 0 0 0 0 0 0 0 0 0 0 0 0 0 0
0 0 0 0 0 0 0 0 0 0 0 0 0 0 0 0 0 0 0 0 0 0 0 0 0 0 0 0 0 0 0 0 0 0 0 0 0 0 0 0 0 0 0 0 0 0 0 0 0 0 0 0 0 0 0 0 0 0 0 0 0 0 0 0 0 0 0 0 1 -1 2 -1 1 0 0 0 0 0 0 0 0 0 0 0 0 0 0 0 0 0 0 0 0 0 0 0 0 0 0 0 0 0 0 0 0 0 0 0 0 0 0 0 0 0 0 0 0 0 0 0 0 0 0 0 0 0 0 0 0 0 0 0 0 0 0 0 0 0 0 0 0
0 0 0 0 0 0 0 0 0 0 0 0 0 0 0 0 0 0 0 0 0 0 0 0 0 0 0 0 0 0 0 0 0 0 0 0 0 0 0 0 0 0 0 0 0 0 0 0 0 0 0 0 0 0 0 0 0 0 0 0 0 0 0 0 0 0 0 0 1 0 2 0 1 0 0 0 0 0 0 0 0 0 0 0 0 0 0 0 0 0 0 0 0 0 0 0 0 0 0 0 0 0 0 0 0 0 0 0 0 0 0 0 0 0 0 0 0 0 0 0 0 0 0 0 0 0 0 0 0 0 0 0 0 0 0 0 0 0 0 0 0
0 0 0 0 0 0 0 0 0 0 0 0 0 0 0 0 0 0 0 0 0 0 0 0 0 0 0 0 0 0 0 0 0 0 0 0 0 0 0 0 0 0 0 0 0 0 0 0 0 0 0 0 0 0 0 0 0 0 0 0 0 0 0 0 0 0 0 1 -1 3 -1 3 -1 1 0 0 0 0 0 0 0 0 0 0 0 0 0 0 0 0 0 0 0 0 0 0 0 0 0 0 0 0 0 0 0 0 0 0 0 0 0 0 0 0 0 0 0 0 0 0 0 0 0 0 0 0 0 0 0 0 0 0 0 0 0 0 0 0 0 0 0
0 0 0 0 0 0 0 0 0 0 0 0 0 0 0 0 0 0 0 0 0 0 0 0 0 0 0 0 0 0 0 0 0 0 0 0 0 0 0 0 0 0 0 0 0 0 0 0 0 0 0 0 0 0 0 0 0 0 0 0 0 0 0 0 0 0 0 1 0 3 0 3 0 1 0 0 0 0 0 0 0 0 0 0 0 0 0 0 0 0 0 0 0 0 0 0 0 0 0 0 0 0 0 0 0 0 0 0 0 0 0 0 0 0 0 0 0 0 0 0 0 0 0 0 0 0 0 0 0 0 0 0 0 0 0 0 0 0 0 0 0
0 0 0 0 0 0 0 0 0 0 0 0 0 0 0 0 0 0 0 0 0 0 0 0 0 0 0 0 0 0 0 0 0 0 0 0 0 0 0 0 0 0 0 0 0 0 0 0 0 0 0 0 0 0 0 0 0 0 0 0 0 0 0 0 0 0 1 -1 1 3 0 3 1 -1 1 0 0 0 0 0 0 0 0 0 0 0 0 0 0 0 0 0 0 0 0 0 0 0 0 0 0 0 0 0 0 0 0 0 0 0 0 0 0 0 0 0 0 0 0 0 0 0 0 0 0 0 0 0 0 0 0 0 0 0 0 0 0 0 0 0 0
0 0 0 0 0 0 0 0 0 0 0 0 0 0 0 0 0 0 0 0 0 0 0 0 0 0 0 0 0 0 0 0 0 0 0 0 0 0 0 0 0 0 0 0 0 0 0 0 0 0 0 0 0 0 0 0 0 0 0 0 0 0 0 0 0 0 1 0 1 3 0 3 1 0 1 0 0 0 0 0 0 0 0 0 0 0 0 0 0 0 0 0 0 0 0 0 0 0 0 0 0 0 0 0 0 0 0 0 0 0 0 0 0 0 0 0 0 0 0 0 0 0 0 0 0 0 0 0 0 0 0 0 0 0 0 0 0 0 0 0 0
0 0 0 0 0 0 0 0 0 0 0 0 0 0 0 0 0 0 0 0 0 0 0 0 0 0 0 0 0 0 0 0 0 0 0 0 0 0 0 0 0 0 0 0 0 0 0 0 0 0 0 0 0 0 0 0 0 0 0 0 0 0 0 0 0 1 -1 1 1 3 -1 3 1 1 -1 1 0 0 0 0 0 0 0 0 0 0 0 0 0 0 0 0 0 0 0 0 0 0 0 0 0 0 0 0 0 0 0 0 0 0 0 0 0 0 0 0 0 0 0 0 0 0 0 0 0 0 0 0 0 0 0 0 0 0 0 0 0 0 0 0 0
0 0 0 0 0 0 0 0 0 0 0 0 0 0 0 0 0 0 0 0 0 0 0 0 0 0 0 0 0 0 0 0 0 0 0 0 0 0 0 0 0 0 0 0 0 0 0 0 0 0 0 0 0 0 0 0 0 0 0 0 0 0 0 0 0 1 0 1 1 3 0 3 1 1 0 1 0 0 0 0 0 0 0 0 0 0 0 0 0 0 0 0 0 0 0 0 0 0 0 0 0 0 0 0 0 0 0 0 0 0 0 0 0 0 0 0 0 0 0 0 0 0 0 0 0 0 0 0 0 0 0 0 0 0 0 0 0 0 0 0 0
0 0 0 0 0 0 0 0 0 0 0 0 0 0 0 0 0 0 0 0 0 0 0 0 0 0 0 0 0 0 0 0 0 0 0 0 0 0 0 0 0 0 0 0 0 0 0 0 0 0 0 0 0 0 0 0 0 0 0 0 0 0 0 0 1 -1 1 1 4 -1 3 3 2 -1 2 -1 1 0 0 0 0 0 0 0 0 0 0 0 0 0 0 0 0 0 0 0 0 0 0 0 0 0 0 0 0 0 0 0 0 0 0 0 0 0 0 0 0 0 0 0 0 0 0 0 0 0 0 0 0 0 0 0 0 0 0 0 0 0 0 0 0
0 0 0 0 0 0 0 0 0 0 0 0 0 0 0 0 0 0 0 0 0 0 0 0 0 0 0 0 0 0 0 0 0 0 0 0 0 0 0 0 0 0 0 0 0 0 0 0 0 0 0 0 0 0 0 0 0 0 0 0 0 0 0 0 1 0 1 1 4 0 3 3 2 0 2 0 1 0 0 0 0 0 0 0 0 0 0 0 0 0 0 0 0 0 0 0 0 0 0 0 0 0 0 0 0 0 0 0 0 0 0 0 0 0 0 0 0 0 0 0 0 0 0 0 0 0 0 0 0 0 0 0 0 0 0 0 0 0 0 0 0
0 0 0 0 0 0 0 0 0 0 0 0 0 0 0 0 0 0 0 0 0 0 0 0 0 0 0 0 0 0 0 0 0 0 0 0 0 0 0 0 0 0 0 0 0 0 0 0 0 0 0 0 0 0 0 0 0 0 0 0 0 0 0 1 -1 2 -1 6 -1 4 3 5 -1 4 -1 3 -1 1 0 0 0 0 0 0 0 0 0 0 0 0 0 0 0 0 0 0 0 0 0 0 0 0 0 0 0 0 0 0 0 0 0 0 0 0 0 0 0 0 0 0 0 0 0 0 0 0 0 0 0 0 0 0 0 0 0 0 0 0 0 0 0
0 0 0 0 0 0 0 0 0 0 0 0 0 0 0 0 0 0 0 0 0 0 0 0 0 0 0 0 0 0 0 0 0 0 0 0 0 0 0 0 0 0 0 0 0 0 0 0 0 0 0 0 0 0 0 0 0 0 0 0 0 0 0 1 0 2 0 6 0 4 3 5 0 4 0 3 0 1 0 0 0 0 0 0 0 0 0 0 0 0 0 0 0 0 0 0 0 0 0 0 0 0 0 0 0 0 0 0 0 0 0 0 0 0 0 0 0 0 0 0 0 0 0 0 0 0 0 0 0 0 0 0 0 0 0 0 0 0 0 0 0
0 0 0 0 0 0 0 0 0 0 0 0 0 0 0 0 0 0 0 0 0 0 0 0 0 0 0 0 0 0 0 0 0 0 0 0 0 0 0 0 0 0 0 0 0 0 0 0 0 0 0 0 0 0 0 0 0 0 0 0 0 0 1 -1 1 2 6 -1 10 -1 12 -1 9 -1 7 -1 4 -1 1 0 0 0 0 0 0 0 0 0 0 0 0 0 0 0 0 0 0 0 0 0 0 0 0 0 0 0 0 0 0 0 0 0 0 0 0 0 0 0 0 0 0 0 0 0 0 0 0 0 0 0 0 0 0 0 0 0 0 0 0 0 0
0 0 0 0 0 0 0 0 0 0 0 0 0 0 0 0 0 0 0 0 0 0 0 0 0 0 0 0 0 0 0 0 0 0 0 0 0 0 0 0 0 0 0 0 0 0 0 0 0 0 0 0 0 0 0 0 0 0 0 0 0 0 1 0 1 2 6 0 10 0 12 0 9 0 7 0 4 0 1 0 0 0 0 0 0 0 0 0 0 0 0 0 0 0 0 0 0 0 0 0 0 0 0 0 0 0 0 0 0 0 0 0 0 0 0 0 0 0 0 0 0 0 0 0 0 0 0 0 0 0 0 0 0 0 0 0 0 0 0 0 0
0 0 0 0 0 0 0 0 0 0 0 0 0 0 0 0 0 0 0 0 0 0 0 0 0 0 0 0 0 0 0 0 0 0 0 0 0 0 0 0 0 0 0 0 0 0 0 0 0 0 0 0 0 0 0 0 0 0 0 0 0 1 -1 2 -1 9 -1 16 -1 22 -1 21 -1 16 -1 11 -1 5 -1 1 0 0 0 0 0 0 0 0 0 0 0 0 0 0 0 0 0 0 0 0 0 0 0 0 0 0 0 0 0 0 0 0 0 0 0 0 0 0 0 0 0 0 0 0 0 0 0 0 0 0 0 0 0 0 0 0 0 0 0 0 0
0 0 0 0 0 0 0 0 0 0 0 0 0 0 0 0 0 0 0 0 0 0 0 0 0 0 0 0 0 0 0 0 0 0 0 0 0 0 0 0 0 0 0 0 0 0 0 0 0 0 0 0 0 0 0 0 0 0 0 0 0 1 0 2 0 9 0 16 0 22 0 21 0 16 0 11 0 5 0 1 0 0 0 0 0 0 0 0 0 0 0 0 0 0 0 0 0 0 0 0 0 0 0 0 0 0 0 0 0 0 0 0 0 0 0 0 0 0 0 0 0 0 0 0 0 0 0 0 0 0 0 0 0 0 0 0 0 0 0 0 0
0 0 0 0 0 0 0 0 0 0 0 0 0 0 0 0 0 0 0 0 0 0 0 0 0 0 0 0 0 0 0 0 0 0 0 0 0 0 0 0 0 0 0 0 0 0 0 0 0 0 0 0 0 0 0 0 0 0 0 0 1 -1 3 -1 11 -1 9 16 0 22 21 -1 21 16 0 11 5 -1 6 -1 1 0 0 0 0 0 0 0 0 0 0 0 0 0 0 0 0 0 0 0 0 0 0 0 0 0 0 0 0 0 0 0 0 0 0 0 0 0 0 0 0 0 0 0 0 0 0 0 0 0 0 0 0 0 0 0 0 0 0 0 0
0 0 0 0 0 0 0 0 0 0 0 0 0 0 0 0 0 0 0 0 0 0 0 0 0 0 0 0 0 0 0 0 0 0 0 0 0 0 0 0 0 0 0 0 0 0 0 0 0 0 0 0 0 0 0 0 0 0 0 0 1 0 3 0 11 0 9 16 0 22 21 0 21 16 0 11 5 0 6 0 1 0 0 0 0 0 0 0 0 0 0 0 0 0 0 0 0 0 0 0 0 0 0 0 0 0 0 0 0 0 0 0 0 0 0 0 0 0 0 0 0 0 0 0 0 0 0 0 0 0 0 0 0 0 0 0 0 0 0 0 0
0 0 0 0 0 0 0 0 0 0 0 0 0 0 0 0 0 0 0 0 0 0 0 0 0 0 0 0 0 0 0 0 0 0 0 0 0 0 0 0 0 0 0 0 0 0 0 0 0 0 0 0 0 0 0 0 0 0 0 1 -1 1 3 0 11 9 -1 25 -1 22 21 21 -1 37 -1 16 -1 5 6 1 -1 1 0 0 0 0 0 0 0 0 0 0 0 0 0 0 0 0 0 0 0 0 0 0 0 0 0 0 0 0 0 0 0 0 0 0 0 0 0 0 0 0 0 0 0 0 0 0 0 0 0 0 0 0 0 0 0 0 0 0 0
0 0 0 0 0 0 0 0 0 0 0 0 0 0 0 0 0 0 0 0 0 0 0 0 0 0 0 0 0 0 0 0 0 0 0 0 0 0 0 0 0 0 0 0 0 0 0 0 0 0 0 0 0 0 0 0 0 0 0 1 0 1 3 0 11 9 0 25 0 22 21 21 0 37 0 16 0 5 6 1 0 1 0 0 0 0 0 0 0 0 0 0 0 0 0 0 0 0 0 0 0 0 0 0 0 0 0 0 0 0 0 0 0 0 0 0 0 0 0 0 0 0 0 0 0 0 0 0 0 0 0 0 0 0 0 0 0 0 0 0 0
0 0 0 0 0 0 0 0 0 0 0 0 0 0 0 0 0 0 0 0 0 0 0 0 0 0 0 0 0 0 0 0 0 0 0 0 0 0 0 0 0 0 0 0 0 0 0 0 0 0 0 0 0 0 0 0 0 0 1 -1 2 -1 4 -1 11 9 0 25 0 22 21 21 37 -1 53 -1 21 -1 11 1 1 -1 1 0 0 0 0 0 0 0 0 0 0 0 0 0 0 0 0 0 0 0 0 0 0 0 0 0 0 0 0 0 0 0 0 0 0 0 0 0 0 0 0 0 0 0 0 0 0 0 0 0 0 0 0 0 0 0 0 0 0
0 0 0 0 0 0 0 0 0 0 0 0 0 0 0 0 0 0 0 0 0 0 0 0 0 0 0 0 0 0 0 0 0 0 0 0 0 0 0 0 0 0 0 0 0 0 0 0 0 0 0 0 0 0 0 0 0 0 1 0 2 0 4 0 11 9 0 25 0 22 21 21 37 0 53 0 21 0 11 1 1 0 1 0 0 0 0 0 0 0 0 0 0 0 0 0 0 0 0 0 0 0 0 0 0 0 0 0 0 0 0 0 0 0 0 0 0 0 0 0 0 0 0 0 0 0 0 0 0 0 0 0 0 0 0 0 0 0 0 0 0
0 0 0 0 0 0 0 0 0 0 0 0 0 0 0 0 0 0 0 0 0 0 0 0 0 0 0 0 0 0 0 0 0 0 0 0 0 0 0 0 0 0 0 0 0 0 0 0 0 0 0 0 0 0 0 0 0 1 -1 3 -1 6 -1 15 -1 20 -1 25 -1 22 21 21 37 53 -1 53 21 11 -1 13 -1 2 -1 1 0 0 0 0 0 0 0 0 0 0 0 0 0 0 0 0 0 0 0 0 0 0 0 0 0 0 0 0 0 0 0 0 0 0 0 0 0 0 0 0 0 0 0 0 0 0 0 0 0 0 0 0 0 0 0 0 0
0 0 0 0 0 0 0 0 0 0 0 0 0 0 0 0 0 0 0 0 0 0 0 0 0 0 0 0 0 0 0 0 0 0 0 0 0 0 0 0 0 0 0 0 0 0 0 0 0 0 0 0 0 0 0 0 0 1 0 3 0 6 0 15 0 20 0 25 0 22 21 21 37 53 0 53 21 11 0 13 0 2 0 1 0 0 0 0 0 0 0 0 0 0 0 0 0 0 0 0 0 0 0 0 0 0 0 0 0 0 0 0 0 0 0 0 0 0 0 0 0 0 0 0 0 0 0 0 0 0 0 0 0 0 0 0 0 0 0 0 0
0 0 0 0 0 0 0 0 0 0 0 0 0 0 0 0 0 0 0 0 0 0 0 0 0 0 0 0 0 0 0 0 0 0 0 0 0 0 0 0 0 0 0 0 0 0 0 0 0 0 0 0 0 0 0 0 1 -1 4 -1 9 -1 6 15 20 -1 45 -1 47 -1 64 -1 58 53 53 -1 85 -1 11 13 2 -1 3 -1 1 0 0 0 0 0 0 0 0 0 0 0 0 0 0 0 0 0 0 0 0 0 0 0 0 0 0 0 0 0 0 0 0 0 0 0 0 0 0 0 0 0 0 0 0 0 0 0 0 0 0 0 0 0 0 0 0
0 0 0 0 0 0 0 0 0 0 0 0 0 0 0 0 0 0 0 0 0 0 0 0 0 0 0 0 0 0 0 0 0 0 0 0 0 0 0 0 0 0 0 0 0 0 0 0 0 0 0 0 0 0 0 0 1 0 4 0 9 0 6 15 20 0 45 0 47 0 64 0 58 53 53 0 85 0 11 13 2 0 3 0 1 0 0 0 0 0 0 0 0 0 0 0 0 0 0 0 0 0 0 0 0 0 0 0 0 0 0 0 0 0 0 0 0 0 0 0 0 0 0 0 0 0 0 0 0 0 0 0 0 0 0 0 0 0 0 0 0
0 0 0 0 0 0 0 0 0 0 0 0 0 0 0 0 0 0 0 0 0 0 0 0 0 0 0 0 0 0 0 0 0 0 0 0 0 0 0 0 0 0 0 0 0 0 0 0 0 0 0 0 0 0 0 1 -1 5 -1 13 -1 9 6 15 20 0 45 47 -1 111 -1 122 -1 111 53 0 85 11 -1 26 -1 5 -1 4 -1 1 0 0 0 0 0 0 0 0 0 0 0 0 0 0 0 0 0 0 0 0 0 0 0 0 0 0 0 0 0 0 0 0 0 0 0 0 0 0 0 0 0 0 0 0 0 0 0 0 0 0 0 0 0 0 0
0 0 0 0 0 0 0 0 0 0 0 0 0 0 0 0 0 0 0 0 0 0 0 0 0 0 0 0 0 0 0 0 0 0 0 0 0 0 0 0 0 0 0 0 0 0 0 0 0 0 0 0 0 0 0 1 0 5 0 13 0 9 6 15 20 0 45 47 0 111 0 122 0 111 53 0 85 11 0 26 0 5 0 4 0 1 0 0 0 0 0 0 0 0 0 0 0 0 0 0 0 0 0 0 0 0 0 0 0 0 0 0 0 0 0 0 0 0 0 0 0 0 0 0 0 0 0 0 0 0 0 0 0 0 0 0 0 0 0 0 0
0 0 0 0 0 0 0 0 0 0 0 0 0 0 0 0 0 0 0 0 0 0 0 0 0 0 0 0 0 0 0 0 0 0 0 0 0 0 0 0 0 0 0 0 0 0 0 0 0 0 0 0 0 0 1 -1 6 -1 5 13 0 9 21 -1 35 0 92 -1 158 -1 233 -1 233 -1 164 -1 96 -1 37 -1 31 -1 9 -1 5 -1 1 0 0 0 0 0 0 0 0 0 0 0 0 0 0 0 0 0 0 0 0 0 0 0 0 0 0 0 0 0 0 0 0 0 0 0 0 0 0 0 0 0 0 0 0 0 0 0 0 0 0 0 0 0 0
0 0 0 0 0 0 0 0 0 0 0 0 0 0 0 0 0 0 0 0 0 0 0 0 0 0 0 0 0 0 0 0 0 0 0 0 0 0 0 0 0 0 0 0 0 0 0 0 0 0 0 0 0 0 1 0 6 0 5 13 0 9 21 0 35 0 92 0 158 0 233 0 233 0 164 0 96 0 37 0 31 0 9 0 5 0 1 0 0 0 0 0 0 0 0 0 0 0 0 0 0 0 0 0 0 0 0 0 0 0 0 0 0 0 0 0 0 0 0 0 0 0 0 0 0 0 0 0 0 0 0 0 0 0 0 0 0 0 0 0 0
0 0 0 0 0 0 0 0 0 0 0 0 0 0 0 0 0 0 0 0 0 0 0 0 0 0 0 0 0 0 0 0 0 0 0 0 0 0 0 0 0 0 0 0 0 0 0 0 0 0 0 0 0 1 -1 7 -1 11 -1 18 -1 9 21 35 -1 127 -1 250 -1 391 -1 233 233 164 -1 164 96 37 -1 68 -1 31 9 5 -1 6 -1 1 0 0 0 0 0 0 0 0 0 0 0 0 0 0 0 0 0 0 0 0 0 0 0 0 0 0 0 0 0 0 0 0 0 0 0 0 0 0 0 0 0 0 0 0 0 0 0 0 0 0 0 0 0
0 0 0 0 0 0 0 0 0 0 0 0 0 0 0 0 0 0 0 0 0 0 0 0 0 0 0 0 0 0 0 0 0 0 0 0 0 0 0 0 0 0 0 0 0 0 0 0 0 0 0 0 0 1 0 7 0 11 0 18 0 9 21 35 0 127 0 250 0 391 0 233 233 164 0 164 96 37 0 68 0 31 9 5 0 6 0 1 0 0 0 0 0 0 0 0 0 0 0 0 0 0 0 0 0 0 0 0 0 0 0 0 0 0 0 0 0 0 0 0 0 0 0 0 0 0 0 0 0 0 0 0 0 0 0 0 0 0 0 0 0
0 0 0 0 0 0 0 0 0 0 0 0 0 0 0 0 0 0 0 0 0 0 0 0 0 0 0 0 0 0 0 0 0 0 0 0 0 0 0 0 0 0 0 0 0 0 0 0 0 0 0 0 1 -1 8 -1 18 -1 11 18 9 -1 65 -1 35 127 250 -1 641 -1 391 233 233 164 0 164 133 -1 37 68 31 -1 45 -1 11 -1 7 -1 1 0 0 0 0 0 0 0 0 0 0 0 0 0 0 0 0 0 0 0 0 0 0 0 0 0 0 0 0 0 0 0 0 0 0 0 0 0 0 0 0 0 0 0 0 0 0 0 0 0 0 0 0
0 0 0 0 0 0 0 0 0 0 0 0 0 0 0 0 0 0 0 0 0 0 0 0 0 0 0 0 0 0 0 0 0 0 0 0 0 0 0 0 0 0 0 0 0 0 0 0 0 0 0 0 1 0 8 0 18 0 11 18 9 0 65 0 35 127 250 0 641 0 391 233 233 164 0 164 133 0 37 68 31 0 45 0 11 0 7 0 1 0 0 0 0 0 0 0 0 0 0 0 0 0 0 0 0 0 0 0 0 0 0 0 0 0 0 0 0 0 0 0 0 0 0 0 0 0 0 0 0 0 0 0 0 0 0 0 0 0 0 0 0
0 0 0 0 0 0 0 0 0 0 0 0 0 0 0 0 0 0 0 0 0 0 0 0 0 0 0 0 0 0 0 0 0 0 0 0 0 0 0 0 0 0 0 0 0 0 0 0 0 0 0 1 -1 9 -1 26 -1 18 11 27 -1 74 -1 100 -1 412 -1 891 -1 641 391 466 -1 397 -1 164 133 37 -1 136 -1 31 45 11 -1 18 -1 8 -1 1 0 0 0 0 0 0 0 0 0 0 0 0 0 0 0 0 0 0 0 0 0 0 0 0 0 0 0 0 0 0 0 0 0 0 0 0 0 0 0 0 0 0 0 0 0 0 0 0 0 0 0
0 0 0 0 0 0 0 0 0 0 0 0 0 0 0 0 0 0 0 0 0 0 0 0 0 0 0 0 0 0 0 0 0 0 0 0 0 0 0 0 0 0 0 0 0 0 0 0 0 0 0 1 0 9 0 26 0 18 11 27 0 74 0 100 0 412 0 891 0 641 391 466 0 397 0 164 133 37 0 136 0 31 45 11 0 18 0 8 0 1 0 0 0 0 0 0 0 0 0 0 0 0 0 0 0 0 0 0 0 0 0 0 0 0 0 0 0 0 0 0 0 0 0 0 0 0 0 0 0 0 0 0 0 0 0 0 0 0 0 0 0
0 0 0 0 0 0 0 0 0 0 0 0 0 0 0 0 0 0 0 0 0 0 0 0 0 0 0 0 0 0 0 0 0 0 0 0 0 0 0 0 0 0 0 0 0 0 0 0 0 0 1 -1 10 -1 35 -1 26 18 38 -1 27 74 100 -1 512 -1 412 891 641 -1 1498 -1 863 -1 561 -1 334 -1 173 -1 167 -1 76 11 0 18 8 -1 9 -1 1 0 0 0 0 0 0 0 0 0 0 0 0 0 0 0 0 0 0 0 0 0 0 0 0 0 0 0 0 0 0 0 0 0 0 0 0 0 0 0 0 0 0 0 0 0 0 0 0 0 0
0 0 0 0 0 0 0 0 0 0 0 0 0 0 0 0 0 0 0 0 0 0 0 0 0 0 0 0 0 0 0 0 0 0 0 0 0 0 0 0 0 0 0 0 0 0 0 0 0 0 1 0 10 0 35 0 26 18 38 0 27 74 100 0 512 0 412 891 641 0 1498 0 863 0 561 0 334 0 173 0 167 0 76 11 0 18 8 0 9 0 1 0 0 0 0 0 0 0 0 0 0 0 0 0 0 0 0 0 0 0 0 0 0 0 0 0 0 0 0 0 0 0 0 0 0 0 0 0 0 0 0 0 0 0 0 0 0 0 0 0 0
0 0 0 0 0 0 0 0 0 0 0 0 0 0 0 0 0 0 0 0 0 0 0 0 0 0 0 0 0 0 0 0 0 0 0 0 0 0 0 0 0 0 0 0 0 0 0 0 0 1 -1 1 10 35 -1 61 -1 44 38 27 -1 201 -1 100 512 0 412 1532 -1 2139 -1 2361 -1 863 561 0 334 173 -1 340 -1 243 -1 87 -1 26 -1 17 -1 10 -1 1 0 0 0 0 0 0 0 0 0 0 0 0 0 0 0 0 0 0 0 0 0 0 0 0 0 0 0 0 0 0 0 0 0 0 0 0 0 0 0 0 0 0 0 0 0 0 0 0 0
0 0 0 0 0 0 0 0 0 0 0 0 0 0 0 0 0 0 0 0 0 0 0 0 0 0 0 0 0 0 0 0 0 0 0 0 0 0 0 0 0 0 0 0 0 0 0 0 0 1 0 1 10 35 0 61 0 44 38 27 0 201 0 100 512 0 412 1532 0 2139 0 2361 0 863 561 0 334 173 0 340 0 243 0 87 0 26 0 17 0 10 0 1 0 0 0 0 0 0 0 0 0 0 0 0 0 0 0 0 0 0 0 0 0 0 0 0 0 0 0 0 0 0 0 0 0 0 0 0 0 0 0 0 0 0 0 0 0 0 0 0 0
0 0 0 0 0 0 0 0 0 0 0 0 0 0 0 0 0 0 0 0 0 0 0 0 0 0 0 0 0 0 0 0 0 0 0 0 0 0 0 0 0 0 0 0 0 0 0 0 1 -1 2 -1 46 -1 96 -1 105 -1 82 27 201 -1 201 100 512 -1 1944 -1 3671 -1 2139 2361 0 863 561 0 507 -1 513 -1 340 243 0 87 0 26 17 -1 27 -1 11 -1 1 0 0 0 0 0 0 0 0 0 0 0 0 0 0 0 0 0 0 0 0 0 0 0 0 0 0 0 0 0 0 0 0 0 0 0 0 0 0 0 0 0 0 0 0 0 0 0 0
0 0 0 0 0 0 0 0 0 0 0 0 0 0 0 0 0 0 0 0 0 0 0 0 0 0 0 0 0 0 0 0 0 0 0 0 0 0 0 0 0 0 0 0 0 0 0 0 1 0 2 0 46 0 96 0 105 0 82 27 201 0 201 100 512 0 1944 0 3671 0 2139 2361 0 863 561 0 507 0 513 0 340 243 0 87 0 26 17 0 27 0 11 0 1 0 0 0 0 0 0 0 0 0 0 0 0 0 0 0 0 0 0 0 0 0 0 0 0 0 0 0 0 0 0 0 0 0 0 0 0 0 0 0 0 0 0 0 0 0 0 0 0
0 0 0 0 0 0 0 0 0 0 0 0 0 0 0 0 0 0 0 0 0 0 0 0 0 0 0 0 0 0 0 0 0 0 0 0 0 0 0 0 0 0 0 0 0 0 0 1 -1 3 -1 48 -1 142 -1 201 -1 187 -1 310 -1 402 -1 301 512 1944 -1 5615 -1 5810 -1 4500 -1 1424 -1 1068 -1 507 513 340 -1 583 -1 87 -1 26 17 27 -1 38 -1 12 -1 1 0 0 0 0 0 0 0 0 0 0 0 0 0 0 0 0 0 0 0 0 0 0 0 0 0 0 0 0 0 0 0 0 0 0 0 0 0 0 0 0 0 0 0 0 0 0 0
0 0 0 0 0 0 0 0 0 0 0 0 0 0 0 0 0 0 0 0 0 0 0 0 0 0 0 0 0 0 0 0 0 0 0 0 0 0 0 0 0 0 0 0 0 0 0 1 0 3 0 48 0 142 0 201 0 187 0 310 0 402 0 301 512 1944 0 5615 0 5810 0 4500 0 1424 0 1068 0 507 513 340 0 583 0 87 0 26 17 27 0 38 0 12 0 1 0 0 0 0 0 0 0 0 0 0 0 0 0 0 0 0 0 0 0 0 0 0 0 0 0 0 0 0 0 0 0 0 0 0 0 0 0 0 0 0 0 0 0 0 0 0 0
0 0 0 0 0 0 0 0 0 0 0 0 0 0 0 0 0 0 0 0 0 0 0 0 0 0 0 0 0 0 0 0 0 0 0 0 0 0 0 0 0 0 0 0 0 0 1 -1 4 -1 51 -1 48 142 201 -1 388 -1 497 -1 310 402 0 301 512 1944 0 5615 0 5810 4500 -1 5924 -1 2492 -1 1575 -1 1360 -1 923 -1 670 -1 87 26 17 27 38 -1 50 -1 13 -1 1 0 0 0 0 0 0 0 0 0 0 0 0 0 0 0 0 0 0 0 0 0 0 0 0 0 0 0 0 0 0 0 0 0 0 0 0 0 0 0 0 0 0 0 0 0 0
0 0 0 0 0 0 0 0 0 0 0 0 0 0 0 0 0 0 0 0 0 0 0 0 0 0 0 0 0 0 0 0 0 0 0 0 0 0 0 0 0 0 0 0 0 0 1 0 4 0 51 0 48 142 201 0 388 0 497 0 310 402 0 301 512 1944 0 5615 0 5810 4500 0 5924 0 2492 0 1575 0 1360 0 923 0 670 0 87 26 17 27 38 0 50 0 13 0 1 0 0 0 0 0 0 0 0 0 0 0 0 0 0 0 0 0 0 0 0 0 0 0 0 0 0 0 0 0 0 0 0 0 0 0 0 0 0 0 0 0 0 0 0 0 0
0 0 0 0 0 0 0 0 0 0 0 0 0 0 0 0 0 0 0 0 0 0 0 0 0 0 0 0 0 0 0 0 0 0 0 0 0 0 0 0 0 0 0 0 0 1 -1 5 -1 4 51 0 48 343 -1 589 -1 885 -1 807 -1 712 -1 813 -1 2456 -1 5615 -1 10310 -1 4500 5924 2492 -1 4067 -1 1575 1360 923 -1 923 670 87 -1 130 -1 82 -1 88 -1 63 -1 14 -1 1 0 0 0 0 0 0 0 0 0 0 0 0 0 0 0 0 0 0 0 0 0 0 0 0 0 0 0 0 0 0 0 0 0 0 0 0 0 0 0 0 0 0 0 0 0
0 0 0 0 0 0 0 0 0 0 0 0 0 0 0 0 0 0 0 0 0 0 0 0 0 0 0 0 0 0 0 0 0 0 0 0 0 0 0 0 0 0 0 0 0 1 0 5 0 4 51 0 48 343 0 589 0 885 0 807 0 712 0 813 0 2456 0 5615 0 10310 0 4500 5924 2492 0 4067 0 1575 1360 923 0 923 670 87 0 130 0 82 0 88 0 63 0 14 0 1 0 0 0 0 0 0 0 0 0 0 0 0 0 0 0 0 0 0 0 0 0 0 0 0 0 0 0 0 0 0 0 0 0 0 0 0 0 0 0 0 0 0 0 0 0
0 0 0 0 0 0 0 0 0 0 0 0 0 0 0 0 0 0 0 0 0 0 0 0 0 0 0 0 0 0 0 0 0 0 0 0 0 0 0 0 0 0 0 0 1 -1 6 -1 9 -1 55 -1 48 343 589 -1 589 885 807 -1 807 712 813 -1 3269 -1 2456 5615 10310 -1 10310 4500 5924 2492 0 4067 1575 -1 2935 923 923 -1 1680 -1 217 -1 212 -1 170 -1 151 -1 63 14 1 -1 1 0 0 0 0 0 0 0 0 0 0 0 0 0 0 0 0 0 0 0 0 0 0 0 0 0 0 0 0 0 0 0 0 0 0 0 0 0 0 0 0 0 0 0 0
0 0 0 0 0 0 0 0 0 0 0 0 0 0 0 0 0 0 0 0 0 0 0 0 0 0 0 0 0 0 0 0 0 0 0 0 0 0 0 0 0 0 0 0 1 0 6 0 9 0 55 0 48 343 589 0 589 885 807 0 807 712 813 0 3269 0 2456 5615 10310 0 10310 4500 5924 2492 0 4067 1575 0 2935 923 923 0 1680 0 217 0 212 0 170 0 151 0 63 14 1 0 1 0 0 0 0 0 0 0 0 0 0 0 0 0 0 0 0 0 0 0 0 0 0 0 0 0 0 0 0 0 0 0 0 0 0 0 0 0 0 0 0 0 0 0 0
0 0 0 0 0 0 0 0 0 0 0 0 0 0 0 0 0 0 0 0 0 0 0 0 0 0 0 0 0 0 0 0 0 0 0 0 0 0 0 0 0 0 0 1 -1 1 6 0 9 55 -1 103 -1 980 -1 589 589 885 807 807 -1 2332 -1 4082 -1 5725 -1 18381 -1 20620 -1 14810 5924 2492 -1 5642 -1 4510 -1 3858 923 0 1680 0 217 212 -1 212 170 151 -1 214 -1 78 -1 2 -1 1 0 0 0 0 0 0 0 0 0 0 0 0 0 0 0 0 0 0 0 0 0 0 0 0 0 0 0 0 0 0 0 0 0 0 0 0 0 0 0 0 0 0 0
0 0 0 0 0 0 0 0 0 0 0 0 0 0 0 0 0 0 0 0 0 0 0 0 0 0 0 0 0 0 0 0 0 0 0 0 0 0 0 0 0 0 0 1 0 1 6 0 9 55 0 103 0 980 0 589 589 885 807 807 0 2332 0 4082 0 5725 0 18381 0 20620 0 14810 5924 2492 0 5642 0 4510 0 3858 923 0 1680 0 217 212 0 212 170 151 0 214 0 78 0 2 0 1 0 0 0 0 0 0 0 0 0 0 0 0 0 0 0 0 0 0 0 0 0 0 0 0 0 0 0 0 0 0 0 0 0 0 0 0 0 0 0 0 0 0 0
0 0 0 0 0 0 0 0 0 0 0 0 0 0 0 0 0 0 0 0 0 0 0 0 0 0 0 0 0 0 0 0 0 0 0 0 0 0 0 0 0 0 1 -1 2 -1 7 0 64 -1 55 103 0 980 589 -1 1178 885 1614 -1 807 2332 4082 -1 4082 5725 0 18381 0 20620 0 14810 8416 -1 2492 5642 0 4510 3858 -1 4781 -1 1680 -1 217 212 212 -1 533 -1 365 -1 292 -1 80 -1 3 -1 1 0 0 0 0 0 0 0 0 0 0 0 0 0 0 0 0 0 0 0 0 0 0 0 0 0 0 0 0 0 0 0 0 0 0 0 0 0 0 0 0 0 0
0 0 0 0 0 0 0 0 0 0 0 0 0 0 0 0 0 0 0 0 0 0 0 0 0 0 0 0 0 0 0 0 0 0 0 0 0 0 0 0 0 0 1 0 2 0 7 0 64 0 55 103 0 980 589 0 1178 885 1614 0 807 2332 4082 0 4082 5725 0 18381 0 20620 0 14810 8416 0 2492 5642 0 4510 3858 0 4781 0 1680 0 217 212 212 0 533 0 365 0 292 0 80 0 3 0 1 0 0 0 0 0 0 0 0 0 0 0 0 0 0 0 0 0 0 0 0 0 0 0 0 0 0 0 0 0 0 0 0 0 0 0 0 0 0 0 0 0 0
0 0 0 0 0 0 0 0 0 0 0 0 0 0 0 0 0 0 0 0 0 0 0 0 0 0 0 0 0 0 0 0 0 0 0 0 0 0 0 0 0 1 -1 3 -1 9 -1 71 -1 119 -1 158 -1 1569 -1 1767 -1 2063 1614 807 -1 7221 -1 8164 -1 9807 -1 18381 -1 20620 0 23226 -1 8416 2492 5642 -1 8368 -1 3858 4781 1680 -1 1897 -1 641 -1 745 -1 898 -1 657 -1 372 -1 83 -1 4 -1 1 0 0 0 0 0 0 0 0 0 0 0 0 0 0 0 0 0 0 0 0 0 0 0 0 0 0 0 0 0 0 0 0 0 0 0 0 0 0 0 0 0
0 0 0 0 0 0 0 0 0 0 0 0 0 0 0 0 0 0 0 0 0 0 0 0 0 0 0 0 0 0 0 0 0 0 0 0 0 0 0 0 0 1 0 3 0 9 0 71 0 119 0 158 0 1569 0 1767 0 2063 1614 807 0 7221 0 8164 0 9807 0 18381 0 20620 0 23226 0 8416 2492 5642 0 8368 0 3858 4781 1680 0 1897 0 641 0 745 0 898 0 657 0 372 0 83 0 4 0 1 0 0 0 0 0 0 0 0 0 0 0 0 0 0 0 0 0 0 0 0 0 0 0 0 0 0 0 0 0 0 0 0 0 0 0 0 0 0 0 0 0
0 0 0 0 0 0 0 0 0 0 0 0 0 0 0 0 0 0 0 0 0 0 0 0 0 0 0 0 0 0 0 0 0 0 0 0 0 0 0 0 1 -1 4 -1 3 9 71 -1 190 -1 277 -1 158 1569 0 1767 2063 -1 4484 -1 8028 -1 15385 -1 8164 9807 18381 -1 18381 20620 0 23226 8416 -1 10908 5642 8368 -1 12226 -1 10319 -1 1680 1897 0 641 0 745 0 898 657 -1 657 372 83 -1 87 -1 5 -1 1 0 0 0 0 0 0 0 0 0 0 0 0 0 0 0 0 0 0 0 0 0 0 0 0 0 0 0 0 0 0 0 0 0 0 0 0 0 0 0 0
0 0 0 0 0 0 0 0 0 0 0 0 0 0 0 0 0 0 0 0 0 0 0 0 0 0 0 0 0 0 0 0 0 0 0 0 0 0 0 0 1 0 4 0 3 9 71 0 190 0 277 0 158 1569 0 1767 2063 0 4484 0 8028 0 15385 0 8164 9807 18381 0 18381 20620 0 23226 8416 0 10908 5642 8368 0 12226 0 10319 0 1680 1897 0 641 0 745 0 898 657 0 657 372 83 0 87 0 5 0 1 0 0 0 0 0 0 0 0 0 0 0 0 0 0 0 0 0 0 0 0 0 0 0 0 0 0 0 0 0 0 0 0 0 0 0 0 0 0 0 0
0 0 0 0 0 0 0 0 0 0 0 0 0 0 0 0 0 0 0 0 0 0 0 0 0 0 0 0 0 0 0 0 0 0 0 0 0 0 0 1 -1 5 -1 7 -1 83 -1 261 -1 467 -1 435 -1 1727 -1 3830 -1 6547 -1 12512 -1 23413 -1 23549 -1 36352 -1 36762 -1 39001 0 31642 -1 19324 -1 16550 8368 12226 -1 12226 10319 1680 -1 3577 0 641 0 745 -1 1555 -1 1314 -1 1112 -1 83 87 0 5 1 -1 1 0 0 0 0 0 0 0 0 0 0 0 0 0 0 0 0 0 0 0 0 0 0 0 0 0 0 0 0 0 0 0 0 0 0 0 0 0 0 0
0 0 0 0 0 0 0 0 0 0 0 0 0 0 0 0 0 0 0 0 0 0 0 0 0 0 0 0 0 0 0 0 0 0 0 0 0 0 0 1 0 5 0 7 0 83 0 261 0 467 0 435 0 1727 0 3830 0 6547 0 12512 0 23413 0 23549 0 36352 0 36762 0 39001 0 31642 0 19324 0 16550 8368 12226 0 12226 10319 1680 0 3577 0 641 0 745 0 1555 0 1314 0 1112 0 83 87 0 5 1 0 1 0 0 0 0 0 0 0 0 0 0 0 0 0 0 0 0 0 0 0 0 0 0 0 0 0 0 0 0 0 0 0 0 0 0 0 0 0 0 0
0 0 0 0 0 0 0 0 0 0 0 0 0 0 0 0 0 0 0 0 0 0 0 0 0 0 0 0 0 0 0 0 0 0 0 0 0 0 1 -1 6 -1 12 -1 90 -1 344 -1 728 -1 902 -1 2162 -1 5557 -1 10377 -1 19059 -1 12512 23413 23549 -1 59901 -1 36352 36762 0 39001 31642 -1 50966 -1 35874 -1 24918 12226 0 12226 11999 -1 5257 -1 3577 641 745 -1 2300 -1 2869 -1 2426 -1 1112 83 87 -1 6 -1 2 -1 1 0 0 0 0 0 0 0 0 0 0 0 0 0 0 0 0 0 0 0 0 0 0 0 0 0 0 0 0 0 0 0 0 0 0 0 0 0 0
0 0 0 0 0 0 0 0 0 0 0 0 0 0 0 0 0 0 0 0 0 0 0 0 0 0 0 0 0 0 0 0 0 0 0 0 0 0 1 0 6 0 12 0 90 0 344 0 728 0 902 0 2162 0 5557 0 10377 0 19059 0 12512 23413 23549 0 59901 0 36352 36762 0 39001 31642 0 50966 0 35874 0 24918 12226 0 12226 11999 0 5257 0 3577 641 745 0 2300 0 2869 0 2426 0 1112 83 87 0 6 0 2 0 1 0 0 0 0 0 0 0 0 0 0 0 0 0 0 0 0 0 0 0 0 0 0 0 0 0 0 0 0 0 0 0 0 0 0 0 0 0 0
0 0 0 0 0 0 0 0 0 0 0 0 0 0 0 0 0 0 0 0 0 0 0 0 0 0 0 0 0 0 0 0 0 0 0 0 0 1 -1 1 6 12 -1 102 -1 434 -1 1072 -1 1630 -1 902 2162 5557 -1 15934 -1 29436 -1 31571 -1 35925 23549 59901 -1 96253 -1 73114 -1 70643 -1 31642 50966 35874 -1 60792 -1 37144 -1 12226 11999 5257 -1 8834 -1 4963 -1 745 2300 2869 -1 2869 2426 0 1112 170 -1 87 6 0 2 1 -1 1 0 0 0 0 0 0 0 0 0 0 0 0 0 0 0 0 0 0 0 0 0 0 0 0 0 0 0 0 0 0 0 0 0 0 0 0 0
0 0 0 0 0 0 0 0 0 0 0 0 0 0 0 0 0 0 0 0 0 0 0 0 0 0 0 0 0 0 0 0 0 0 0 0 0 1 0 1 6 12 0 102 0 434 0 1072 0 1630 0 902 2162 5557 0 15934 0 29436 0 31571 0 35925 23549 59901 0 96253 0 73114 0 70643 0 31642 50966 35874 0 60792 0 37144 0 12226 11999 5257 0 8834 0 4963 0 745 2300 2869 0 2869 2426 0 1112 170 0 87 6 0 2 1 0 1 0 0 0 0 0 0 0 0 0 0 0 0 0 0 0 0 0 0 0 0 0 0 0 0 0 0 0 0 0 0 0 0 0 0 0 0 0
0 0 0 0 0 0 0 0 0 0 0 0 0 0 0 0 0 0 0 0 0 0 0 0 0 0 0 0 0 0 0 0 0 0 0 0 1 -1 1 1 18 -1 114 -1 536 -1 1506 -1 2702 -1 2532 -1 3064 5557 15934 -1 45370 -1 61007 -1 67496 -1 59474 59901 96253 -1 96253 73114 0 70643 31642 -1 118482 -1 96666 -1 60792 37144 0 12226 11999 5257 8834 -1 8834 4963 745 -1 5914 -1 2869 2869 2426 0 1282 -1 170 87 6 0 3 -1 2 -1 1 0 0 0 0 0 0 0 0 0 0 0 0 0 0 0 0 0 0 0 0 0 0 0 0 0 0 0 0 0 0 0 0 0 0 0 0
0 0 0 0 0 0 0 0 0 0 0 0 0 0 0 0 0 0 0 0 0 0 0 0 0 0 0 0 0 0 0 0 0 0 0 0 1 0 1 1 18 0 114 0 536 0 1506 0 2702 0 2532 0 3064 5557 15934 0 45370 0 61007 0 67496 0 59474 59901 96253 0 96253 73114 0 70643 31642 0 118482 0 96666 0 60792 37144 0 12226 11999 5257 8834 0 8834 4963 745 0 5914 0 2869 2869 2426 0 1282 0 170 87 6 0 3 0 2 0 1 0 0 0 0 0 0 0 0 0 0 0 0 0 0 0 0 0 0 0 0 0 0 0 0 0 0 0 0 0 0 0 0 0 0 0 0
0 0 0 0 0 0 0 0 0 0 0 0 0 0 0 0 0 0 0 0 0 0 0 0 0 0 0 0 0 0 0 0 0 0 0 1 -1 1 1 1 18 114 -1 114 536 1506 -1 4208 -1 5234 -1 5596 -1 24555 -1 15934 45370 61007 -1 128503 -1 67496 59474 59901 96253 96253 -1 169367 -1 102285 -1 31642 118482 96666 -1 96666 60792 37144 -1 24225 -1 17256 8834 8834 -1 14542 -1 745 5914 2869 -1 5738 2426 1282 -1 1282 170 93 -1 9 -1 5 -1 3 -1 1 0 0 0 0 0 0 0 0 0 0 0 0 0 0 0 0 0 0 0 0 0 0 0 0 0 0 0 0 0 0 0 0 0 0 0
0 0 0 0 0 0 0 0 0 0 0 0 0 0 0 0 0 0 0 0 0 0 0 0 0 0 0 0 0 0 0 0 0 0 0 1 0 1 1 1 18 114 0 114 536 1506 0 4208 0 5234 0 5596 0 24555 0 15934 45370 61007 0 128503 0 67496 59474 59901 96253 96253 0 169367 0 102285 0 31642 118482 96666 0 96666 60792 37144 0 24225 0 17256 8834 8834 0 14542 0 745 5914 2869 0 5738 2426 1282 0 1282 170 93 0 9 0 5 0 3 0 1 0 0 0 0 0 0 0 0 0 0 0 0 0 0 0 0 0 0 0 0 0 0 0 0 0 0 0 0 0 0 0 0 0 0 0
0 0 0 0 0 0 0 0 0 0 0 0 0 0 0 0 0 0 0 0 0 0 0 0 0 0 0 0 0 0 0 0 0 0 1 -1 2 -1 3 -1 19 114 114 -1 650 1506 4208 -1 9442 -1 10830 -1 30151 -1 40489 -1 122311 -1 189510 -1 195999 -1 186871 -1 156154 96253 169367 -1 169367 102285 0 31642 118482 96666 96666 -1 194602 -1 61369 -1 41481 -1 34924 -1 8834 14542 745 -1 9528 -1 8607 -1 9446 -1 2564 -1 1545 -1 93 9 5 -1 8 -1 4 -1 1 0 0 0 0 0 0 0 0 0 0 0 0 0 0 0 0 0 0 0 0 0 0 0 0 0 0 0 0 0 0 0 0 0 0
0 0 0 0 0 0 0 0 0 0 0 0 0 0 0 0 0 0 0 0 0 0 0 0 0 0 0 0 0 0 0 0 0 0 1 0 2 0 3 0 19 114 114 0 650 1506 4208 0 9442 0 10830 0 30151 0 40489 0 122311 0 189510 0 195999 0 186871 0 156154 96253 169367 0 169367 102285 0 31642 118482 96666 96666 0 194602 0 61369 0 41481 0 34924 0 8834 14542 745 0 9528 0 8607 0 9446 0 2564 0 1545 0 93 9 5 0 8 0 4 0 1 0 0 0 0 0 0 0 0 0 0 0 0 0 0 0 0 0 0 0 0 0 0 0 0 0 0 0 0 0 0 0 0 0 0
0 0 0 0 0 0 0 0 0 0 0 0 0 0 0 0 0 0 0 0 0 0 0 0 0 0 0 0 0 0 0 0 0 1 -1 3 -1 5 -1 22 -1 247 -1 764 -1 6364 -1 4208 9442 10830 -1 40981 -1 30151 40489 122311 -1 122311 189510 0 195999 186871 -1 186871 156154 265620 -1 169367 169367 102285 -1 150124 -1 215148 96666 194602 -1 194602 61369 41481 -1 76405 -1 43758 -1 23376 745 9528 -1 18135 -1 8607 9446 0 2564 0 1545 0 93 9 5 0 8 0 4 1 -1 1 0 0 0 0 0 0 0 0 0 0 0 0 0 0 0 0 0 0 0 0 0 0 0 0 0 0 0 0 0 0 0 0 0
0 0 0 0 0 0 0 0 0 0 0 0 0 0 0 0 0 0 0 0 0 0 0 0 0 0 0 0 0 0 0 0 0 1 0 3 0 5 0 22 0 247 0 764 0 6364 0 4208 9442 10830 0 40981 0 30151 40489 122311 0 122311 189510 0 195999 186871 0 186871 156154 265620 0 169367 169367 102285 0 150124 0 215148 96666 194602 0 194602 61369 41481 0 76405 0 43758 0 23376 745 9528 0 18135 0 8607 9446 0 2564 0 1545 0 93 9 5 0 8 0 4 1 0 1 0 0 0 0 0 0 0 0 0 0 0 0 0 0 0 0 0 0 0 0 0 0 0 0 0 0 0 0 0 0 0 0 0
0 0 0 0 0 0 0 0 0 0 0 0 0 0 0 0 0 0 0 0 0 0 0 0 0 0 0 0 0 0 0 0 1 -1 4 -1 8 -1 27 -1 22 247 764 -1 7128 -1 10572 -1 24480 -1 10830 40981 0 30151 40489 122311 122311 -1 311821 -1 382870 -1 373742 -1 608645 -1 434987 -1 441019 -1 102285 150124 215148 -1 506416 -1 389204 -1 297452 -1 117886 -1 120163 -1 67134 -1 24121 9528 18135 -1 26742 -1 18053 -1 2564 -1 1545 0 93 9 5 -1 8 -1 4 1 1 -1 1 0 0 0 0 0 0 0 0 0 0 0 0 0 0 0 0 0 0 0 0 0 0 0 0 0 0 0 0 0 0 0 0
0 0 0 0 0 0 0 0 0 0 0 0 0 0 0 0 0 0 0 0 0 0 0 0 0 0 0 0 0 0 0 0 1 0 4 0 8 0 27 0 22 247 764 0 7128 0 10572 0 24480 0 10830 40981 0 30151 40489 122311 122311 0 311821 0 382870 0 373742 0 608645 0 434987 0 441019 0 102285 150124 215148 0 506416 0 389204 0 297452 0 117886 0 120163 0 67134 0 24121 9528 18135 0 26742 0 18053 0 2564 0 1545 0 93 9 5 0 8 0 4 1 1 0 1 0 0 0 0 0 0 0 0 0 0 0 0 0 0 0 0 0 0 0 0 0 0 0 0 0 0 0 0 0 0 0 0
0 0 0 0 0 0 0 0 0 0 0 0 0 0 0 0 0 0 0 0 0 0 0 0 0 0 0 0 0 0 0 1 -1 5 -1 4 8 27 -1 27 22 1011 -1 7892 -1 7128 10572 24480 -1 35310 -1 51811 0 70640 -1 285111 -1 122311 311821 0 382870 373742 -1 982387 -1 1043632 -1 876006 -1 543304 -1 467557 -1 215148 506416 389204 -1 686656 -1 415338 -1 117886 120163 0 67134 24121 -1 33649 18135 26742 -1 26742 18053 2564 -1 4109 -1 1638 -1 107 -1 13 -1 8 4 1 1 1 -1 1 0 0 0 0 0 0 0 0 0 0 0 0 0 0 0 0 0 0 0 0 0 0 0 0 0 0 0 0 0 0 0
0 0 0 0 0 0 0 0 0 0 0 0 0 0 0 0 0 0 0 0 0 0 0 0 0 0 0 0 0 0 0 1 0 5 0 4 8 27 0 27 22 1011 0 7892 0 7128 10572 24480 0 35310 0 51811 0 70640 0 285111 0 122311 311821 0 382870 373742 0 982387 0 1043632 0 876006 0 543304 0 467557 0 215148 506416 389204 0 686656 0 415338 0 117886 120163 0 67134 24121 0 33649 18135 26742 0 26742 18053 2564 0 4109 0 1638 0 107 0 13 0 8 4 1 1 1 0 1 0 0 0 0 0 0 0 0 0 0 0 0 0 0 0 0 0 0 0 0 0 0 0 0 0 0 0 0 0 0 0
0 0 0 0 0 0 0 0 0 0 0 0 0 0 0 0 0 0 0 0 0 0 0 0 0 0 0 0 0 0 1 -1 1 5 0 4 8 27 27 -1 1060 -1 8903 -1 15020 -1 17700 24480 0 35310 0 51811 70640 -1 70640 285111 0 122311 311821 0 382870 373742 982387 -1 982387 1043632 876006 -1 1419310 -1 1010861 -1 682705 -1 1110768 -1 389204 686656 415338 -1 533224 -1 238049 -1 67134 24121 33649 -1 51784 26742 26742 -1 47359 -1 2564 4109 1638 -1 1745 -1 120 -1 21 -1 13 -1 3 -1 2 -1 1 0 0 0 0 0 0 0 0 0 0 0 0 0 0 0 0 0 0 0 0 0 0 0 0 0 0 0 0 0 0
0 0 0 0 0 0 0 0 0 0 0 0 0 0 0 0 0 0 0 0 0 0 0 0 0 0 0 0 0 0 1 0 1 5 0 4 8 27 27 0 1060 0 8903 0 15020 0 17700 24480 0 35310 0 51811 70640 0 70640 285111 0 122311 311821 0 382870 373742 982387 0 982387 1043632 876006 0 1419310 0 1010861 0 682705 0 1110768 0 389204 686656 415338 0 533224 0 238049 0 67134 24121 33649 0 51784 26742 26742 0 47359 0 2564 4109 1638 0 1745 0 120 0 21 0 13 0 3 0 2 0 1 0 0 0 0 0 0 0 0 0 0 0 0 0 0 0 0 0 0 0 0 0 0 0 0 0 0 0 0 0 0
0 0 0 0 0 0 0 0 0 0 0 0 0 0 0 0 0 0 0 0 0 0 0 0 0 0 0 0 0 1 -1 2 -1 6 -1 12 -1 62 -1 1087 -1 9963 -1 8903 15020 0 17700 24480 -1 35310 0 122451 -1 141280 -1 355751 -1 122311 311821 382870 -1 1738999 -1 982387 982387 1919638 -1 2295316 -1 2430171 -1 1010861 682705 1110768 -1 1499972 -1 1491198 -1 948562 -1 771273 -1 238049 67134 24121 33649 0 51784 26742 26742 0 47359 2564 -1 6673 1638 1745 -1 1745 120 21 -1 34 -1 16 -1 3 2 1 -1 1 0 0 0 0 0 0 0 0 0 0 0 0 0 0 0 0 0 0 0 0 0 0 0 0 0 0 0 0 0
0 0 0 0 0 0 0 0 0 0 0 0 0 0 0 0 0 0 0 0 0 0 0 0 0 0 0 0 0 1 0 2 0 6 0 12 0 62 0 1087 0 9963 0 8903 15020 0 17700 24480 0 35310 0 122451 0 141280 0 355751 0 122311 311821 382870 0 1738999 0 982387 982387 1919638 0 2295316 0 2430171 0 1010861 682705 1110768 0 1499972 0 1491198 0 948562 0 771273 0 238049 67134 24121 33649 0 51784 26742 26742 0 47359 2564 0 6673 1638 1745 0 1745 120 21 0 34 0 16 0 3 2 1 0 1 0 0 0 0 0 0 0 0 0 0 0 0 0 0 0 0 0 0 0 0 0 0 0 0 0 0 0 0 0
0 0 0 0 0 0 0 0 0 0 0 0 0 0 0 0 0 0 0 0 0 0 0 0 0 0 0 0 1 -1 1 2 6 -1 18 -1 12 62 0 1087 0 9963 8903 -1 23923 -1 42180 -1 59790 -1 157761 -1 263731 -1 497031 -1 478062 -1 817002 -1 2121869 -1 2721386 -1 3884412 -1 1919638 2295316 2430171 -1 2430171 1010861 1793473 -1 1110768 1499972 0 1491198 948562 -1 1719835 -1 1009322 -1 329304 -1 57770 -1 78526 -1 53484 0 49923 -1 9237 -1 10056 -1 1745 1745 141 -1 55 -1 50 -1 16 3 3 -1 2 -1 1 0 0 0 0 0 0 0 0 0 0 0 0 0 0 0 0 0 0 0 0 0 0 0 0 0 0 0 0
0 0 0 0 0 0 0 0 0 0 0 0 0 0 0 0 0 0 0 0 0 0 0 0 0 0 0 0 1 0 1 2 6 0 18 0 12 62 0 1087 0 9963 8903 0 23923 0 42180 0 59790 0 157761 0 263731 0 497031 0 478062 0 817002 0 2121869 0 2721386 0 3884412 0 1919638 2295316 2430171 0 2430171 1010861 1793473 0 1110768 1499972 0 1491198 948562 0 1719835 0 1009322 0 329304 0 57770 0 78526 0 53484 0 49923 0 9237 0 10056 0 1745 1745 141 0 55 0 50 0 16 3 3 0 2 0 1 0 0 0 0 0 0 0 0 0 0 0 0 0 0 0 0 0 0 0 0 0 0 0 0 0 0 0 0
0 0 0 0 0 0 0 0 0 0 0 0 0 0 0 0 0 0 0 0 0 0 0 0 0 0 0 1 -1 1 1 8 -1 6 18 12 -1 74 0 1087 -1 9963 8903 23923 -1 66103 -1 101970 -1 217551 -1 157761 263731 497031 -1 975093 -1 478062 817002 0 2121869 2721386 -1 6605798 -1 5804050 -1 4214954 2430171 2430171 -1 5234505 -1 2904241 -1 2610740 -1 2439760 -1 2668397 -1 1719835 1009322 0 329304 57770 -1 136296 -1 132010 -1 53484 49923 9237 -1 9237 10056 0 1745 1745 141 0 55 0 50 0 16 6 -1 3 2 1 -1 1 0 0 0 0 0 0 0 0 0 0 0 0 0 0 0 0 0 0 0 0 0 0 0 0 0 0 0
0 0 0 0 0 0 0 0 0 0 0 0 0 0 0 0 0 0 0 0 0 0 0 0 0 0 0 1 0 1 1 8 0 6 18 12 0 74 0 1087 0 9963 8903 23923 0 66103 0 101970 0 217551 0 157761 263731 497031 0 975093 0 478062 817002 0 2121869 2721386 0 6605798 0 5804050 0 4214954 2430171 2430171 0 5234505 0 2904241 0 2610740 0 2439760 0 2668397 0 1719835 1009322 0 329304 57770 0 136296 0 132010 0 53484 49923 9237 0 9237 10056 0 1745 1745 141 0 55 0 50 0 16 6 0 3 2 1 0 1 0 0 0 0 0 0 0 0 0 0 0 0 0 0 0 0 0 0 0 0 0 0 0 0 0 0 0
0 0 0 0 0 0 0 0 0 0 0 0 0 0 0 0 0 0 0 0 0 0 0 0 0 0 1 -1 1 1 9 -1 8 6 30 -1 86 -1 1161 -1 11050 -1 18866 23923 66103 -1 168073 -1 319521 -1 375312 -1 918523 -1 1472124 -1 1453155 -1 1295064 -1 4843255 -1 9327184 -1 12409848 -1 5804050 4214954 4860342 -1 2430171 5234505 0 2904241 2610740 -1 5050500 -1 5108157 -1 4388232 -1 2729157 -1 387074 -1 194066 -1 268306 -1 185494 -1 112644 -1 18474 -1 19293 -1 3490 -1 1886 -1 55 0 50 -1 22 -1 6 3 3 -1 2 -1 1 0 0 0 0 0 0 0 0 0 0 0 0 0 0 0 0 0 0 0 0 0 0 0 0 0 0
0 0 0 0 0 0 0 0 0 0 0 0 0 0 0 0 0 0 0 0 0 0 0 0 0 0 1 0 1 1 9 0 8 6 30 0 86 0 1161 0 11050 0 18866 23923 66103 0 168073 0 319521 0 375312 0 918523 0 1472124 0 1453155 0 1295064 0 4843255 0 9327184 0 12409848 0 5804050 4214954 4860342 0 2430171 5234505 0 2904241 2610740 0 5050500 0 5108157 0 4388232 0 2729157 0 387074 0 194066 0 268306 0 185494 0 112644 0 18474 0 19293 0 3490 0 1886 0 55 0 50 0 22 0 6 3 3 0 2 0 1 0 0 0 0 0 0 0 0 0 0 0 0 0 0 0 0 0 0 0 0 0 0 0 0 0 0
0 0 0 0 0 0 0 0 0 0 0 0 0 0 0 0 0 0 0 0 0 0 0 0 0 1 -1 2 -1 11 -1 17 -1 44 -1 116 -1 1247 -1 12211 -1 29916 -1 108892 -1 234176 -1 168073 319521 375312 -1 1293835 -1 918523 1472124 1453155 -1 2748219 -1 6138319 -1 14170439 -1 21737032 -1 18213898 -1 14879346 -1 7290513 -1 7664676 0 2904241 2610740 5050500 -1 10158657 -1 5108157 4388232 2729157 -1 2729157 387074 194066 -1 462372 -1 453800 -1 298138 -1 131118 -1 18474 19293 3490 -1 3490 1886 55 -1 105 -1 50 22 6 -1 9 3 2 -1 3 -1 1 0 0 0 0 0 0 0 0 0 0 0 0 0 0 0 0 0 0 0 0 0 0 0 0 0
0 0 0 0 0 0 0 0 0 0 0 0 0 0 0 0 0 0 0 0 0 0 0 0 0 1 0 2 0 11 0 17 0 44 0 116 0 1247 0 12211 0 29916 0 108892 0 234176 0 168073 319521 375312 0 1293835 0 918523 1472124 1453155 0 2748219 0 6138319 0 14170439 0 21737032 0 18213898 0 14879346 0 7290513 0 7664676 0 2904241 2610740 5050500 0 10158657 0 5108157 4388232 2729157 0 2729157 387074 194066 0 462372 0 453800 0 298138 0 131118 0 18474 19293 3490 0 3490 1886 55 0 105 0 50 22 6 0 9 3 2 0 3 0 1 0 0 0 0 0 0 0 0 0 0 0 0 0 0 0 0 0 0 0 0 0 0 0 0 0
0 0 0 0 0 0 0 0 0 0 0 0 0 0 0 0 0 0 0 0 0 0 0 0 1 -1 1 2 11 -1 11 17 44 -1 160 -1 1363 -1 1247 12211 29916 -1 29916 108892 0 234176 168073 -1 862906 -1 1669147 -1 2212358 -1 3843802 -1 4201374 -1 8886538 -1 20308758 -1 35907471 -1 39950930 -1 18213898 14879346 7290513 -1 7290513 7664676 0 2904241 7661240 -1 15209157 -1 15266814 -1 9496389 2729157 2729157 -1 3310297 -1 194066 462372 453800 -1 751938 -1 429256 -1 131118 18474 22783 -1 3490 3490 1941 -1 55 105 50 -1 78 -1 15 -1 14 -1 2 3 1 -1 1 0 0 0 0 0 0 0 0 0 0 0 0 0 0 0 0 0 0 0 0 0 0 0 0
0 0 0 0 0 0 0 0 0 0 0 0 0 0 0 0 0 0 0 0 0 0 0 0 1 0 1 2 11 0 11 17 44 0 160 0 1363 0 1247 12211 29916 0 29916 108892 0 234176 168073 0 862906 0 1669147 0 2212358 0 3843802 0 4201374 0 8886538 0 20308758 0 35907471 0 39950930 0 18213898 14879346 7290513 0 7290513 7664676 0 2904241 7661240 0 15209157 0 15266814 0 9496389 2729157 2729157 0 3310297 0 194066 462372 453800 0 751938 0 429256 0 131118 18474 22783 0 3490 3490 1941 0 55 105 50 0 78 0 15 0 14 0 2 3 1 0 1 0 0 0 0 0 0 0 0 0 0 0 0 0 0 0 0 0 0 0 0 0 0 0 0
0 0 0 0 0 0 0 0 0 0 0 0 0 0 0 0 0 0 0 0 0 0 0 1 -1 2 -1 14 -1 11 11 61 -1 204 -1 160 1363 1247 -1 13458 29916 29916 -1 138808 0 402249 -1 1030979 -1 2532053 -1 3881505 -1 6056160 -1 3843802 4201374 8886538 -1 29195296 -1 20308758 35907471 39950930 -1 58164828 -1 33093244 7290513 0 7290513 7664676 -1 10565481 -1 22870397 -1 30475971 -1 24763203 -1 12225546 2729157 0 3310297 194066 -1 656438 453800 751938 -1 751938 429256 0 131118 41257 -1 26273 -1 6980 1941 0 55 105 50 78 -1 93 -1 29 -1 16 -1 6 -1 2 -1 1 0 0 0 0 0 0 0 0 0 0 0 0 0 0 0 0 0 0 0 0 0 0 0
0 0 0 0 0 0 0 0 0 0 0 0 0 0 0 0 0 0 0 0 0 0 0 1 0 2 0 14 0 11 11 61 0 204 0 160 1363 1247 0 13458 29916 29916 0 138808 0 402249 0 1030979 0 2532053 0 3881505 0 6056160 0 3843802 4201374 8886538 0 29195296 0 20308758 35907471 39950930 0 58164828 0 33093244 7290513 0 7290513 7664676 0 10565481 0 22870397 0 30475971 0 24763203 0 12225546 2729157 0 3310297 194066 0 656438 453800 751938 0 751938 429256 0 131118 41257 0 26273 0 6980 1941 0 55 105 50 78 0 93 0 29 0 16 0 6 0 2 0 1 0 0 0 0 0 0 0 0 0 0 0 0 0 0 0 0 0 0 0 0 0 0 0
0 0 0 0 0 0 0 0 0 0 0 0 0 0 0 0 0 0 0 0 0 0 1 -1 3 -1 16 -1 25 -1 83 -1 61 204 0 160 2610 -1 14705 -1 43374 29916 138808 -1 541057 -1 1433228 -1 3563032 -1 6413558 -1 9937665 -1 9899962 -1 8045176 8886538 0 29195296 20308758 -1 96167159 -1 39950930 58164828 0 33093244 7290513 0 14955189 -1 18230157 -1 33435878 -1 53346368 -1 30475971 24763203 12225546 -1 14954703 0 3504363 -1 850504 -1 1110238 751938 751938 -1 1181194 0 172375 -1 67530 -1 33253 -1 8921 -1 160 -1 233 -1 78 93 29 -1 45 -1 22 -1 8 -1 3 -1 1 0 0 0 0 0 0 0 0 0 0 0 0 0 0 0 0 0 0 0 0 0 0
0 0 0 0 0 0 0 0 0 0 0 0 0 0 0 0 0 0 0 0 0 0 1 0 3 0 16 0 25 0 83 0 61 204 0 160 2610 0 14705 0 43374 29916 138808 0 541057 0 1433228 0 3563032 0 6413558 0 9937665 0 9899962 0 8045176 8886538 0 29195296 20308758 0 96167159 0 39950930 58164828 0 33093244 7290513 0 14955189 0 18230157 0 33435878 0 53346368 0 30475971 24763203 12225546 0 14954703 0 3504363 0 850504 0 1110238 751938 751938 0 1181194 0 172375 0 67530 0 33253 0 8921 0 160 0 233 0 78 93 29 0 45 0 22 0 8 0 3 0 1 0 0 0 0 0 0 0 0 0 0 0 0 0 0 0 0 0 0 0 0 0 0
0 0 0 0 0 0 0 0 0 0 0 0 0 0 0 0 0 0 0 0 0 1 -1 4 -1 19 -1 41 -1 25 83 61 -1 265 -1 160 2610 0 14705 43374 -1 212098 -1 679865 -1 1974285 -1 4996260 -1 9976590 -1 6413558 9937665 9899962 -1 9899962 8045176 8886538 -1 29195296 20308758 96167159 -1 96167159 39950930 58164828 -1 40383757 -1 22245702 -1 14955189 18230157 33435878 -1 33435878 53346368 30475971 -1 67464720 -1 12225546 14954703 3504363 -1 3504363 850504 1110238 -1 2614114 -1 1933132 -1 1181194 172375 67530 -1 100783 -1 33253 8921 160 -1 393 -1 311 -1 200 -1 74 -1 45 22 8 -1 11 -1 4 -1 1 0 0 0 0 0 0 0 0 0 0 0 0 0 0 0 0 0 0 0 0 0
0 0 0 0 0 0 0 0 0 0 0 0 0 0 0 0 0 0 0 0 0 1 0 4 0 19 0 41 0 25 83 61 0 265 0 160 2610 0 14705 43374 0 212098 0 679865 0 1974285 0 4996260 0 9976590 0 6413558 9937665 9899962 0 9899962 8045176 8886538 0 29195296 20308758 96167159 0 96167159 39950930 58164828 0 40383757 0 22245702 0 14955189 18230157 33435878 0 33435878 53346368 30475971 0 67464720 0 12225546 14954703 3504363 0 3504363 850504 1110238 0 2614114 0 1933132 0 1181194 172375 67530 0 100783 0 33253 8921 160 0 393 0 311 0 200 0 74 0 45 22 8 0 11 0 4 0 1 0 0 0 0 0 0 0 0 0 0 0 0 0 0 0 0 0 0 0 0 0
0 0 0 0 0 0 0 0 0 0 0 0 0 0 0 0 0 0 0 0 1 -1 1 4 19 -1 60 -1 41 25 83 61 265 -1 265 160 2610 -1 14705 43374 212098 -1 891963 -1 2654150 -1 6970545 -1 14972850 -1 9976590 6413558 19837627 -1 19799924 -1 26831676 -1 38081834 -1 145671213 -1 96167159 96167159 39950930 58164828 40383757 -1 40383757 22245702 14955189 -1 66621224 -1 66871756 -1 86782246 30475971 0 67464720 12225546 -1 30684612 -1 7008726 -1 4354867 1110238 2614114 -1 4547246 -1 3114326 -1 1353569 67530 100783 -1 100783 33253 8921 160 0 393 311 -1 511 -1 200 74 45 -1 67 8 11 -1 15 -1 5 -1 1 0 0 0 0 0 0 0 0 0 0 0 0 0 0 0 0 0 0 0 0
0 0 0 0 0 0 0 0 0 0 0 0 0 0 0 0 0 0 0 0 1 0 1 4 19 0 60 0 41 25 83 61 265 0 265 160 2610 0 14705 43374 212098 0 891963 0 2654150 0 6970545 0 14972850 0 9976590 6413558 19837627 0 19799924 0 26831676 0 38081834 0 145671213 0 96167159 96167159 39950930 58164828 40383757 0 40383757 22245702 14955189 0 66621224 0 66871756 0 86782246 30475971 0 67464720 12225546 0 30684612 0 7008726 0 4354867 1110238 2614114 0 4547246 0 3114326 0 1353569 67530 100783 0 100783 33253 8921 160 0 393 311 0 511 0 200 74 45 0 67 8 11 0 15 0 5 0 1 0 0 0 0 0 0 0 0 0 0 0 0 0 0 0 0 0 0 0 0
0 0 0 0 0 0 0 0 0 0 0 0 0 0 0 0 0 0 0 1 -1 2 -1 24 -1 79 -1 60 41 108 -1 409 -1 530 -1 425 2610 14705 -1 270177 -1 1104061 -1 3546113 -1 9624695 -1 21943395 -1 14972850 9976590 26251185 -1 39637551 -1 46631600 -1 26831676 38081834 0 145671213 96167159 -1 232285248 -1 138499515 -1 40383757 40383757 37200891 -1 81576413 -1 133492980 -1 66871756 86782246 30475971 -1 79690266 -1 42910158 -1 37693338 -1 7008726 4354867 1110238 2614114 0 4547246 3114326 -1 4467895 -1 1521882 -1 100783 100783 42174 -1 9081 -1 704 -1 822 -1 711 -1 319 -1 112 -1 86 -1 26 -1 20 -1 6 -1 1 0 0 0 0 0 0 0 0 0 0 0 0 0 0 0 0 0 0 0
0 0 0 0 0 0 0 0 0 0 0 0 0 0 0 0 0 0 0 1 0 2 0 24 0 79 0 60 41 108 0 409 0 530 0 425 2610 14705 0 270177 0 1104061 0 3546113 0 9624695 0 21943395 0 14972850 9976590 26251185 0 39637551 0 46631600 0 26831676 38081834 0 145671213 96167159 0 232285248 0 138499515 0 40383757 40383757 37200891 0 81576413 0 133492980 0 66871756 86782246 30475971 0 79690266 0 42910158 0 37693338 0 7008726 4354867 1110238 2614114 0 4547246 3114326 0 4467895 0 1521882 0 100783 100783 42174 0 9081 0 704 0 822 0 711 0 319 0 112 0 86 0 26 0 20 0 6 0 1 0 0 0 0 0 0 0 0 0 0 0 0 0 0 0 0 0 0 0
0 0 0 0 0 0 0 0 0 0 0 0 0 0 0 0 0 0 1 -1 3 -1 26 -1 24 79 0 60 41 108 0 409 530 -1 955 -1 17740 -1 14705 270177 1104061 -1 4650174 -1 3546113 9624695 0 21943395 14972850 -1 51200625 -1 26251185 39637551 46631600 -1 46631600 26831676 38081834 0 241838372 -1 328452407 -1 232285248 138499515 40383757 -1 80767514 37200891 81576413 -1 81576413 133492980 66871756 -1 184129973 -1 110166237 -1 122600424 -1 80603496 -1 37693338 7008726 5465105 -1 3724352 -1 4547246 3114326 4467895 -1 4467895 1521882 100783 -1 201566 42174 9081 -1 9785 -1 704 822 711 -1 1030 -1 431 -1 198 -1 112 -1 46 -1 26 -1 7 -1 1 0 0 0 0 0 0 0 0 0 0 0 0 0 0 0 0 0 0
0 0 0 0 0 0 0 0 0 0 0 0 0 0 0 0 0 0 1 0 3 0 26 0 24 79 0 60 41 108 0 409 530 0 955 0 17740 0 14705 270177 1104061 0 4650174 0 3546113 9624695 0 21943395 14972850 0 51200625 0 26251185 39637551 46631600 0 46631600 26831676 38081834 0 241838372 0 328452407 0 232285248 138499515 40383757 0 80767514 37200891 81576413 0 81576413 133492980 66871756 0 184129973 0 110166237 0 122600424 0 80603496 0 37693338 7008726 5465105 0 3724352 0 4547246 3114326 4467895 0 4467895 1521882 100783 0 201566 42174 9081 0 9785 0 704 822 711 0 1030 0 431 0 198 0 112 0 46 0 26 0 7 0 1 0 0 0 0 0 0 0 0 0 0 0 0 0 0 0 0 0 0
0 0 0 0 0 0 0 0 0 0 0 0 0 0 0 0 0 1 -1 1 3 26 -1 50 -1 103 0 101 -1 149 0 939 -1 1485 -1 955 17740 14705 -1 1388943 -1 5754235 -1 8196287 -1 13170808 0 36916245 -1 66173475 -1 77451810 -1 112520336 -1 93263200 -1 111545110 -1 279920206 -1 570290779 -1 560737655 -1 370784763 40383757 80767514 -1 117968405 81576413 81576413 -1 281941149 -1 251001729 -1 184129973 110166237 0 122600424 80603496 -1 118296834 -1 50167169 -1 5465105 3724352 0 4547246 7582221 -1 8935790 -1 5989777 100783 201566 -1 243740 9081 0 9785 704 -1 1526 711 1030 -1 1030 431 198 -1 310 -1 158 -1 72 -1 33 -1 8 -1 1 0 0 0 0 0 0 0 0 0 0 0 0 0 0 0 0 0
0 0 0 0 0 0 0 0 0 0 0 0 0 0 0 0 0 1 0 1 3 26 0 50 0 103 0 101 0 149 0 939 0 1485 0 955 17740 14705 0 1388943 0 5754235 0 8196287 0 13170808 0 36916245 0 66173475 0 77451810 0 112520336 0 93263200 0 111545110 0 279920206 0 570290779 0 560737655 0 370784763 40383757 80767514 0 117968405 81576413 81576413 0 281941149 0 251001729 0 184129973 110166237 0 122600424 80603496 0 118296834 0 50167169 0 5465105 3724352 0 4547246 7582221 0 8935790 0 5989777 100783 201566 0 243740 9081 0 9785 704 0 1526 711 1030 0 1030 431 198 0 310 0 158 0 72 0 33 0 8 0 1 0 0 0 0 0 0 0 0 0 0 0 0 0 0 0 0 0
0 0 0 0 0 0 0 0 0 0 0 0 0 0 0 0 1 -1 2 -1 30 -1 26 50 103 -1 103 101 149 -1 149 939 0 1485 0 955 17740 14705 1388943 -1 7143178 -1 13950522 -1 21367095 -1 50087053 -1 103089720 -1 143625285 -1 77451810 112520336 0 93263200 111545110 -1 391465316 -1 850210985 -1 1131028434 -1 931522418 -1 491936034 -1 198735919 -1 281121231 -1 363517562 -1 532942878 -1 435131702 -1 294296210 -1 203203920 -1 198900330 -1 168464003 -1 55632274 -1 9189457 -1 12129467 -1 7582221 8935790 0 5989777 302349 -1 445306 -1 252821 -1 10489 -1 2230 -1 3267 -1 2060 -1 1659 -1 508 -1 310 158 0 72 33 -1 41 -1 9 -1 1 0 0 0 0 0 0 0 0 0 0 0 0 0 0 0 0
0 0 0 0 0 0 0 0 0 0 0 0 0 0 0 0 1 0 2 0 30 0 26 50 103 0 103 101 149 0 149 939 0 1485 0 955 17740 14705 1388943 0 7143178 0 13950522 0 21367095 0 50087053 0 103089720 0 143625285 0 77451810 112520336 0 93263200 111545110 0 391465316 0 850210985 0 1131028434 0 931522418 0 491936034 0 198735919 0 281121231 0 363517562 0 532942878 0 435131702 0 294296210 0 203203920 0 198900330 0 168464003 0 55632274 0 9189457 0 12129467 0 7582221 8935790 0 5989777 302349 0 445306 0 252821 0 10489 0 2230 0 3267 0 2060 0 1659 0 508 0 310 158 0 72 33 0 41 0 9 0 1 0 0 0 0 0 0 0 0 0 0 0 0 0 0 0 0
0 0 0 0 0 0 0 0 0 0 0 0 0 0 0 1 -1 1 2 30 -1 56 -1 76 103 0 103 250 -1 298 -1 1088 -1 1485 0 955 17740 14705 1388943 7143178 -1 7143178 13950522 21367095 -1 21367095 50087053 0 103089720 0 143625285 77451810 -1 189972146 -1 204808310 -1 111545110 391465316 0 850210985 0 1131028434 0 931522418 491936034 -1 690671953 -1 479857150 -1 644638793 -1 363517562 532942878 435131702 -1 729427912 -1 497500130 -1 402104250 -1 367364333 -1 224096277 -1 64821731 -1 21318924 -1 12129467 7582221 8935790 0 5989777 302349 0 445306 252821 -1 252821 10489 2230 -1 5497 -1 5327 -1 3719 -1 2167 -1 818 -1 468 -1 105 -1 74 -1 50 -1 10 -1 1 0 0 0 0 0 0 0 0 0 0 0 0 0 0 0
0 0 0 0 0 0 0 0 0 0 0 0 0 0 0 1 0 1 2 30 0 56 0 76 103 0 103 250 0 298 0 1088 0 1485 0 955 17740 14705 1388943 7143178 0 7143178 13950522 21367095 0 21367095 50087053 0 103089720 0 143625285 77451810 0 189972146 0 204808310 0 111545110 391465316 0 850210985 0 1131028434 0 931522418 491936034 0 690671953 0 479857150 0 644638793 0 363517562 532942878 435131702 0 729427912 0 497500130 0 402104250 0 367364333 0 224096277 0 64821731 0 21318924 0 12129467 7582221 8935790 0 5989777 302349 0 445306 252821 0 252821 10489 2230 0 5497 0 5327 0 3719 0 2167 0 818 0 468 0 105 0 74 0 50 0 10 0 1 0 0 0 0 0 0 0 0 0 0 0 0 0 0 0
0 0 0 0 0 0 0 0 0 0 0 0 0 0 1 -1 2 -1 33 -1 86 -1 132 -1 179 -1 353 -1 250 298 1088 -1 2573 -1 1485 955 32445 -1 8546826 -1 14286356 -1 42460795 -1 42734190 -1 71454148 0 103089720 -1 221077095 -1 267423956 -1 394780456 -1 204808310 111545110 391465316 -1 850210985 -1 1131028434 -1 1423458452 -1 1182607987 -1 1170529103 -1 1124495943 -1 644638793 363517562 968074580 -1 1164559614 -1 729427912 497500130 0 402104250 367364333 -1 367364333 224096277 0 64821731 0 21318924 0 12129467 7582221 8935790 0 5989777 302349 -1 698127 -1 505642 -1 265540 -1 7727 -1 10824 -1 5327 3719 0 2167 818 -1 1286 -1 573 -1 179 -1 74 50 0 10 1 -1 1 0 0 0 0 0 0 0 0 0 0 0 0 0 0
0 0 0 0 0 0 0 0 0 0 0 0 0 0 1 0 2 0 33 0 86 0 132 0 179 0 353 0 250 298 1088 0 2573 0 1485 955 32445 0 8546826 0 14286356 0 42460795 0 42734190 0 71454148 0 103089720 0 221077095 0 267423956 0 394780456 0 204808310 111545110 391465316 0 850210985 0 1131028434 0 1423458452 0 1182607987 0 1170529103 0 1124495943 0 644638793 363517562 968074580 0 1164559614 0 729427912 497500130 0 402104250 367364333 0 367364333 224096277 0 64821731 0 21318924 0 12129467 7582221 8935790 0 5989777 302349 0 698127 0 505642 0 265540 0 7727 0 10824 0 5327 3719 0 2167 818 0 1286 0 573 0 179 0 74 50 0 10 1 0 1 0 0 0 0 0 0 0 0 0 0 0 0 0 0
0 0 0 0 0 0 0 0 0 0 0 0 0 1 -1 1 2 33 -1 119 -1 86 132 179 -1 532 -1 353 250 298 1088 0 2573 1485 -1 34885 -1 8579271 -1 22833182 -1 56747151 -1 42460795 42734190 71454148 -1 71454148 103089720 221077095 -1 488501051 -1 662204412 -1 599588766 -1 316353420 391465316 0 850210985 1131028434 -1 2554486886 -1 2606066439 -1 2353137090 -1 2295025046 -1 1124495943 644638793 1331592142 -1 2132634194 -1 1893987526 -1 1226928042 0 769468583 -1 734728666 -1 591460610 -1 64821731 0 21318924 -1 19711688 -1 16518011 0 6292126 -1 302349 698127 505642 -1 771182 -1 265540 7727 10824 -1 10824 5327 3719 0 2167 818 1286 -1 1859 -1 752 -1 253 -1 124 -1 11 -1 2 -1 1 0 0 0 0 0 0 0 0 0 0 0 0 0
0 0 0 0 0 0 0 0 0 0 0 0 0 1 0 1 2 33 0 119 0 86 132 179 0 532 0 353 250 298 1088 0 2573 1485 0 34885 0 8579271 0 22833182 0 56747151 0 42460795 42734190 71454148 0 71454148 103089720 221077095 0 488501051 0 662204412 0 599588766 0 316353420 391465316 0 850210985 1131028434 0 2554486886 0 2606066439 0 2353137090 0 2295025046 0 1124495943 644638793 1331592142 0 2132634194 0 1893987526 0 1226928042 0 769468583 0 734728666 0 591460610 0 64821731 0 21318924 0 19711688 0 16518011 0 6292126 0 302349 698127 505642 0 771182 0 265540 7727 10824 0 10824 5327 3719 0 2167 818 1286 0 1859 0 752 0 253 0 124 0 11 0 2 0 1 0 0 0 0 0 0 0 0 0 0 0 0 0
0 0 0 0 0 0 0 0 0 0 0 0 1 -1 2 -1 36 -1 152 -1 205 -1 218 179 532 -1 885 -1 603 298 1088 0 4058 -1 36370 -1 34885 8579271 22833182 -1 79580333 -1 56747151 42460795 114188338 -1 71454148 71454148 103089720 221077095 0 488501051 0 662204412 599588766 -1 599588766 316353420 391465316 -1 1981239419 -1 3685515320 -1 2554486886 2606066439 0 2353137090 2295025046 -1 3419520989 -1 1769134736 1331592142 0 2132634194 1893987526 -1 3120915568 -1 1996396625 -1 1504197249 -1 1326189276 -1 656282341 -1 86140655 -1 41030612 -1 36229699 -1 16518011 6292126 302349 -1 1506118 -1 505642 771182 265540 -1 273267 10824 10824 -1 19870 -1 5886 -1 2985 1286 1859 -1 2611 -1 1005 -1 377 -1 124 11 2 -1 3 -1 1 0 0 0 0 0 0 0 0 0 0 0 0
0 0 0 0 0 0 0 0 0 0 0 0 1 0 2 0 36 0 152 0 205 0 218 179 532 0 885 0 603 298 1088 0 4058 0 36370 0 34885 8579271 22833182 0 79580333 0 56747151 42460795 114188338 0 71454148 71454148 103089720 221077095 0 488501051 0 662204412 599588766 0 599588766 316353420 391465316 0 1981239419 0 3685515320 0 2554486886 2606066439 0 2353137090 2295025046 0 3419520989 0 1769134736 1331592142 0 2132634194 1893987526 0 3120915568 0 1996396625 0 1504197249 0 1326189276 0 656282341 0 86140655 0 41030612 0 36229699 0 16518011 6292126 302349 0 1506118 0 505642 771182 265540 0 273267 10824 10824 0 19870 0 5886 0 2985 1286 1859 0 2611 0 1005 0 377 0 124 11 2 0 3 0 1 0 0 0 0 0 0 0 0 0 0 0 0
0 0 0 0 0 0 0 0 0 0 0 1 -1 3 -1 38 -1 188 -1 152 205 218 -1 397 532 0 885 0 603 298 1088 0 4058 0 36370 34885 -1 31447338 -1 102413515 -1 79580333 56747151 42460795 114188338 71454148 -1 142908296 103089720 221077095 -1 488501051 0 1261793178 -1 599588766 599588766 707818736 -1 2372704735 -1 5666754739 -1 6240002206 -1 5160553325 -1 4648162136 -1 5714546035 -1 3419520989 1769134736 1331592142 -1 4026621720 -1 5014903094 -1 5117312193 -1 1996396625 1504197249 1326189276 -1 1982471617 -1 656282341 86140655 41030612 -1 77260311 -1 52747710 -1 23112486 -1 1808467 -1 2011760 -1 1542364 -1 538807 -1 294915 -1 30694 -1 19870 5886 2985 -1 6130 -1 1859 2611 1005 -1 1005 377 124 -1 137 -1 5 -1 4 -1 1 0 0 0 0 0 0 0 0 0 0 0
0 0 0 0 0 0 0 0 0 0 0 1 0 3 0 38 0 188 0 152 205 218 0 397 532 0 885 0 603 298 1088 0 4058 0 36370 34885 0 31447338 0 102413515 0 79580333 56747151 42460795 114188338 71454148 0 142908296 103089720 221077095 0 488501051 0 1261793178 0 599588766 599588766 707818736 0 2372704735 0 5666754739 0 6240002206 0 5160553325 0 4648162136 0 5714546035 0 3419520989 1769134736 1331592142 0 4026621720 0 5014903094 0 5117312193 0 1996396625 1504197249 1326189276 0 1982471617 0 656282341 86140655 41030612 0 77260311 0 52747710 0 23112486 0 1808467 0 2011760 0 1542364 0 538807 0 294915 0 30694 0 19870 5886 2985 0 6130 0 1859 2611 1005 0 1005 377 124 0 137 0 5 0 4 0 1 0 0 0 0 0 0 0 0 0 0 0
0 0 0 0 0 0 0 0 0 0 1 -1 4 -1 3 38 188 -1 188 152 423 -1 615 -1 929 0 885 -1 603 298 1088 -1 4058 0 71255 -1 34885 31447338 102413515 -1 102413515 79580333 99207946 -1 156649133 71454148 142908296 -1 245998016 221077095 488501051 -1 488501051 1261793178 599588766 -1 1906996268 -1 3080523471 -1 8039459474 -1 5666754739 6240002206 5160553325 -1 5160553325 4648162136 0 5714546035 3419520989 -1 6520247867 -1 1331592142 4026621720 5014903094 -1 10132215287 -1 7113708818 -1 4826783150 -1 3308660893 -1 1982471617 656282341 127171267 -1 118290923 -1 130008021 -1 75860196 -1 24920953 -1 3820227 -1 3554124 -1 2081171 -1 833722 -1 325609 -1 50564 -1 28741 -1 9115 -1 6130 1859 3616 -1 1005 1005 377 124 137 -1 142 -1 5 4 1 -1 1 0 0 0 0 0 0 0 0 0 0
0 0 0 0 0 0 0 0 0 0 1 0 4 0 3 38 188 0 188 152 423 0 615 0 929 0 885 0 603 298 1088 0 4058 0 71255 0 34885 31447338 102413515 0 102413515 79580333 99207946 0 156649133 71454148 142908296 0 245998016 221077095 488501051 0 488501051 1261793178 599588766 0 1906996268 0 3080523471 0 8039459474 0 5666754739 6240002206 5160553325 0 5160553325 4648162136 0 5714546035 3419520989 0 6520247867 0 1331592142 4026621720 5014903094 0 10132215287 0 7113708818 0 4826783150 0 3308660893 0 1982471617 656282341 127171267 0 118290923 0 130008021 0 75860196 0 24920953 0 3820227 0 3554124 0 2081171 0 833722 0 325609 0 50564 0 28741 0 9115 0 6130 1859 3616 0 1005 1005 377 124 137 0 142 0 5 4 1 0 1 0 0 0 0 0 0 0 0 0 0
0 0 0 0 0 0 0 0 0 1 -1 5 -1 7 -1 229 -1 188 188 152 423 0 615 0 929 885 -1 1488 -1 1989 -1 5146 -1 4058 71255 0 34885 133860853 -1 204827030 -1 281201794 -1 255857079 -1 371011577 -1 388906312 -1 955576162 -1 977002102 -1 1750294229 599588766 1906996268 -1 4987519739 -1 11119982945 -1 13706214213 -1 11906756945 5160553325 5160553325 -1 9808715461 -1 9134067024 -1 3419520989 6520247867 1331592142 -1 10373116956 -1 15147118381 -1 10132215287 7113708818 0 4826783150 3308660893 -1 5291132510 -1 2638753958 127171267 118290923 -1 248298944 -1 205868217 -1 100781149 -1 28741180 -1 7374351 -1 5635295 -1 2914893 -1 1159331 -1 376173 -1 79305 -1 28741 9115 6130 -1 11605 -1 3616 1005 1005 377 124 137 0 142 5 -1 9 1 1 -1 1 0 0 0 0 0 0 0 0 0
0 0 0 0 0 0 0 0 0 1 0 5 0 7 0 229 0 188 188 152 423 0 615 0 929 885 0 1488 0 1989 0 5146 0 4058 71255 0 34885 133860853 0 204827030 0 281201794 0 255857079 0 371011577 0 388906312 0 955576162 0 977002102 0 1750294229 599588766 1906996268 0 4987519739 0 11119982945 0 13706214213 0 11906756945 5160553325 5160553325 0 9808715461 0 9134067024 0 3419520989 6520247867 1331592142 0 10373116956 0 15147118381 0 10132215287 7113708818 0 4826783150 3308660893 0 5291132510 0 2638753958 127171267 118290923 0 248298944 0 205868217 0 100781149 0 28741180 0 7374351 0 5635295 0 2914893 0 1159331 0 376173 0 79305 0 28741 9115 6130 0 11605 0 3616 1005 1005 377 124 137 0 142 5 0 9 1 1 0 1 0 0 0 0 0 0 0 0 0
0 0 0 0 0 0 0 0 1 -1 6 -1 12 -1 236 -1 417 -1 528 -1 575 0 615 -1 1814 -1 885 1488 1989 -1 7135 -1 5146 4058 71255 -1 133895738 -1 338687883 -1 486028824 -1 281201794 255857079 371011577 -1 371011577 388906312 955576162 -1 955576162 977002102 1750294229 -1 4256879263 -1 6894516007 -1 4987519739 11119982945 0 13706214213 11906756945 -1 22227863595 -1 5160553325 9808715461 0 9134067024 0 3419520989 7851840009 -1 11704709098 -1 25520235337 -1 25279333668 -1 17245924105 -1 8135444043 -1 3308660893 5291132510 0 2638753958 127171267 118290923 0 248298944 205868217 -1 306649366 -1 129522329 -1 28741180 7374351 0 5635295 0 2914893 0 1159331 376173 -1 376173 79305 0 28741 15245 -1 17735 -1 15221 -1 4621 1005 377 124 137 -1 147 -1 5 9 2 -1 2 -1 1 0 0 0 0 0 0 0 0
0 0 0 0 0 0 0 0 1 0 6 0 12 0 236 0 417 0 528 0 575 0 615 0 1814 0 885 1488 1989 0 7135 0 5146 4058 71255 0 133895738 0 338687883 0 486028824 0 281201794 255857079 371011577 0 371011577 388906312 955576162 0 955576162 977002102 1750294229 0 4256879263 0 6894516007 0 4987519739 11119982945 0 13706214213 11906756945 0 22227863595 0 5160553325 9808715461 0 9134067024 0 3419520989 7851840009 0 11704709098 0 25520235337 0 25279333668 0 17245924105 0 8135444043 0 3308660893 5291132510 0 2638753958 127171267 118290923 0 248298944 205868217 0 306649366 0 129522329 0 28741180 7374351 0 5635295 0 2914893 0 1159331 376173 0 376173 79305 0 28741 15245 0 17735 0 15221 0 4621 1005 377 124 137 0 147 0 5 9 2 0 2 0 1 0 0 0 0 0 0 0 0
0 0 0 0 0 0 0 1 -1 7 -1 18 -1 12 236 417 -1 945 -1 528 575 615 -1 615 1814 885 -1 4362 -1 1989 7135 5146 -1 80459 -1 133966993 -1 133895738 338687883 486028824 -1 486028824 281201794 626868656 -1 742023154 -1 1715494051 -1 1911152324 -1 3682872493 -1 6007173492 -1 11151395270 -1 11882035746 -1 16107502684 -1 25612971158 -1 34134620540 -1 27388416920 -1 14969268786 0 9134067024 -1 11271360998 -1 19556549107 -1 37224944435 -1 50799569005 -1 42525257773 -1 17245924105 8135444043 3308660893 -1 8599793403 -1 2638753958 127171267 118290923 -1 454167161 -1 512517583 -1 306649366 129522329 0 28741180 7374351 -1 5635295 0 2914893 0 1535504 -1 376173 376173 79305 -1 43986 -1 15245 17735 0 15221 4621 -1 5626 377 124 137 0 147 5 -1 14 2 0 2 1 -1 1 0 0 0 0 0 0 0
0 0 0 0 0 0 0 1 0 7 0 18 0 12 236 417 0 945 0 528 575 615 0 615 1814 885 0 4362 0 1989 7135 5146 0 80459 0 133966993 0 133895738 338687883 486028824 0 486028824 281201794 626868656 0 742023154 0 1715494051 0 1911152324 0 3682872493 0 6007173492 0 11151395270 0 11882035746 0 16107502684 0 25612971158 0 34134620540 0 27388416920 0 14969268786 0 9134067024 0 11271360998 0 19556549107 0 37224944435 0 50799569005 0 42525257773 0 17245924105 8135444043 3308660893 0 8599793403 0 2638753958 127171267 118290923 0 454167161 0 512517583 0 306649366 129522329 0 28741180 7374351 0 5635295 0 2914893 0 1535504 0 376173 376173 79305 0 43986 0 15245 17735 0 15221 4621 0 5626 377 124 137 0 147 5 0 14 2 0 2 1 0 1 0 0 0 0 0 0 0
0 0 0 0 0 0 1 -1 8 -1 25 -1 18 12 653 -1 417 945 528 -1 1718 -1 1230 -1 2429 885 4362 -1 6351 -1 14270 -1 5146 80459 0 133966993 133895738 -1 472583621 486028824 486028824 -1 767230618 626868656 742023154 -1 742023154 1715494051 0 1911152324 0 3682872493 6007173492 -1 17158568762 -1 11151395270 11882035746 0 16107502684 0 25612971158 34134620540 -1 61523037460 -1 27388416920 14969268786 9134067024 -1 20405428022 -1 30827910105 -1 19556549107 37224944435 50799569005 -1 93324826778 -1 59771181878 -1 28690029041 -1 11908454296 -1 11238547361 -1 2765925225 118290923 454167161 -1 966684744 -1 512517583 306649366 129522329 -1 36115531 -1 7374351 5635295 2914893 -1 4450397 -1 1911677 -1 831651 -1 79305 43986 15245 -1 32980 -1 19842 -1 10247 -1 6127 -1 261 0 152 -1 19 -1 16 0 3 -1 2 -1 1 0 0 0 0 0 0
0 0 0 0 0 0 1 0 8 0 25 0 18 12 653 0 417 945 528 0 1718 0 1230 0 2429 885 4362 0 6351 0 14270 0 5146 80459 0 133966993 133895738 0 472583621 486028824 486028824 0 767230618 626868656 742023154 0 742023154 1715494051 0 1911152324 0 3682872493 6007173492 0 17158568762 0 11151395270 11882035746 0 16107502684 0 25612971158 34134620540 0 61523037460 0 27388416920 14969268786 9134067024 0 20405428022 0 30827910105 0 19556549107 37224944435 50799569005 0 93324826778 0 59771181878 0 28690029041 0 11908454296 0 11238547361 0 2765925225 118290923 454167161 0 966684744 0 512517583 306649366 129522329 0 36115531 0 7374351 5635295 2914893 0 4450397 0 1911677 0 831651 0 79305 43986 15245 0 32980 0 19842 0 10247 0 6127 0 261 0 152 0 19 0 16 0 3 0 2 0 1 0 0 0 0 0 0
0 0 0 0 0 1 -1 9 -1 8 25 18 -1 683 -1 1070 -1 1890 -1 2246 -1 1718 1230 0 2429 5247 -1 10713 -1 20621 -1 14270 5146 80459 0 133966993 133895738 0 472583621 972057648 -1 1253259442 -1 2136122428 -1 1484046308 -1 2457517205 -1 1911152324 0 3682872493 6007173492 17158568762 -1 28309964032 -1 23033431016 -1 16107502684 -1 25612971158 34134620540 61523037460 -1 88911454380 -1 51491752730 -1 29539495046 -1 51233338127 -1 50384459212 -1 107581062547 -1 144124395783 -1 153096008656 -1 59771181878 28690029041 11908454296 -1 23147001657 -1 14004472586 -1 2884216148 454167161 0 966684744 512517583 -1 948689278 -1 165637860 -1 36115531 7374351 8550188 -1 7365290 -1 6362074 -1 1911677 831651 79305 -1 123291 15245 0 32980 0 19842 0 10247 6127 -1 6127 261 0 152 19 -1 35 -1 19 -1 3 2 1 -1 1 0 0 0 0 0
0 0 0 0 0 1 0 9 0 8 25 18 0 683 0 1070 0 1890 0 2246 0 1718 1230 0 2429 5247 0 10713 0 20621 0 14270 5146 80459 0 133966993 133895738 0 472583621 972057648 0 1253259442 0 2136122428 0 1484046308 0 2457517205 0 1911152324 0 3682872493 6007173492 17158568762 0 28309964032 0 23033431016 0 16107502684 0 25612971158 34134620540 61523037460 0 88911454380 0 51491752730 0 29539495046 0 51233338127 0 50384459212 0 107581062547 0 144124395783 0 153096008656 0 59771181878 28690029041 11908454296 0 23147001657 0 14004472586 0 2884216148 454167161 0 966684744 512517583 0 948689278 0 165637860 0 36115531 7374351 8550188 0 7365290 0 6362074 0 1911677 831651 79305 0 123291 15245 0 32980 0 19842 0 10247 6127 0 6127 261 0 152 19 0 35 0 19 0 3 2 1 0 1 0 0 0 0 0
0 0 0 0 1 -1 1 9 0 8 43 -1 701 -1 1753 -1 2960 -1 1890 2246 0 1718 1230 -1 7676 -1 5247 10713 20621 -1 34891 -1 19416 80459 0 133966993 133895738 -1 472583621 972057648 1253259442 -1 3389381870 -1 3620168736 -1 3941563513 -1 4368669529 -1 5594024817 -1 9690045985 17158568762 0 28309964032 0 23033431016 0 16107502684 25612971158 -1 59747591698 61523037460 88911454380 -1 140403207110 -1 81031247776 -1 29539495046 51233338127 50384459212 -1 157965521759 -1 107581062547 144124395783 153096008656 -1 212867190534 -1 100369665215 -1 35055455953 -1 37151474243 -1 16888688734 -1 3338383309 -1 1479202327 -1 1461206861 -1 948689278 165637860 36115531 -1 52040070 -1 15915478 -1 13727364 -1 6362074 1911677 831651 79305 123291 -1 138536 0 32980 -1 19842 0 10247 6127 6127 -1 6388 0 171 -1 19 35 0 19 3 -1 5 1 1 -1 1 0 0 0 0
0 0 0 0 1 0 1 9 0 8 43 0 701 0 1753 0 2960 0 1890 2246 0 1718 1230 0 7676 0 5247 10713 20621 0 34891 0 19416 80459 0 133966993 133895738 0 472583621 972057648 1253259442 0 3389381870 0 3620168736 0 3941563513 0 4368669529 0 5594024817 0 9690045985 17158568762 0 28309964032 0 23033431016 0 16107502684 25612971158 0 59747591698 61523037460 88911454380 0 140403207110 0 81031247776 0 29539495046 51233338127 50384459212 0 157965521759 0 107581062547 144124395783 153096008656 0 212867190534 0 100369665215 0 35055455953 0 37151474243 0 16888688734 0 3338383309 0 1479202327 0 1461206861 0 948689278 165637860 36115531 0 52040070 0 15915478 0 13727364 0 6362074 1911677 831651 79305 123291 0 138536 0 32980 0 19842 0 10247 6127 6127 0 6388 0 171 0 19 35 0 19 3 0 5 1 1 0 1 0 0 0 0
0 0 0 1 -1 1 1 9 -1 8 43 701 -1 2454 -1 4713 -1 2960 1890 2246 -1 2948 -1 1230 7676 5247 -1 36581 -1 55512 -1 54307 -1 99875 -1 133966993 133895738 472583621 -1 2697900711 -1 4642641312 -1 7009550606 -1 7561732249 -1 8310233042 -1 9962694346 -1 15284070802 -1 26848614747 -1 28309964032 -1 23033431016 -1 16107502684 25612971158 59747591698 -1 210182083538 -1 229314661490 -1 221434454886 -1 110570742822 -1 131157292385 -1 208349980971 -1 265546584306 -1 404801466986 -1 365963199190 -1 212867190534 100369665215 0 35055455953 37151474243 -1 37151474243 16888688734 0 3338383309 1479202327 -1 2940409188 -1 2409896139 -1 1114327138 36115531 0 52040070 0 15915478 0 13727364 6362074 -1 9105402 -1 1034247 -1 261827 -1 138536 32980 19842 -1 30089 -1 22501 -1 6127 6388 171 -1 190 -1 54 -1 22 -1 8 -1 7 -1 2 -1 1 0 0 0
0 0 0 1 0 1 1 9 0 8 43 701 0 2454 0 4713 0 2960 1890 2246 0 2948 0 1230 7676 5247 0 36581 0 55512 0 54307 0 99875 0 133966993 133895738 472583621 0 2697900711 0 4642641312 0 7009550606 0 7561732249 0 8310233042 0 9962694346 0 15284070802 0 26848614747 0 28309964032 0 23033431016 0 16107502684 25612971158 59747591698 0 210182083538 0 229314661490 0 221434454886 0 110570742822 0 131157292385 0 208349980971 0 265546584306 0 404801466986 0 365963199190 0 212867190534 100369665215 0 35055455953 37151474243 0 37151474243 16888688734 0 3338383309 1479202327 0 2940409188 0 2409896139 0 1114327138 36115531 0 52040070 0 15915478 0 13727364 6362074 0 9105402 0 1034247 0 261827 0 138536 32980 19842 0 30089 0 22501 0 6127 6388 171 0 190 0 54 0 22 0 8 0 7 0 2 0 1 0 0 0
0 0 1 -1 2 -1 11 -1 17 -1 752 -1 3155 -1 7167 -1 7673 -1 7096 -1 2246 2948 1230 -1 8906 5247 36581 -1 92093 -1 109819 -1 154182 -1 134066868 -1 740446352 -1 3170484332 -1 7340542023 -1 11652191918 -1 7009550606 7561732249 8310233042 -1 18272927388 -1 25246765148 -1 42132685549 -1 55158578779 -1 51343395048 -1 39140933700 -1 101468065540 -1 59747591698 210182083538 229314661490 -1 450749116376 -1 221434454886 110570742822 131157292385 -1 131157292385 208349980971 0 265546584306 404801466986 -1 404801466986 365963199190 212867190534 -1 313236855749 -1 72206930196 -1 74302948486 -1 54040162977 -1 3338383309 1479202327 2940409188 -1 5350305327 -1 3524223277 -1 1150442669 0 52040070 -1 15915478 -1 20089438 -1 15467476 -1 10139649 -1 1296074 -1 400363 -1 191358 -1 49931 -1 52590 -1 28628 -1 12515 171 190 -1 244 -1 76 -1 30 -1 8 7 0 2 1 -1 1 0 0
0 0 1 0 2 0 11 0 17 0 752 0 3155 0 7167 0 7673 0 7096 0 2246 2948 1230 0 8906 5247 36581 0 92093 0 109819 0 154182 0 134066868 0 740446352 0 3170484332 0 7340542023 0 11652191918 0 7009550606 7561732249 8310233042 0 18272927388 0 25246765148 0 42132685549 0 55158578779 0 51343395048 0 39140933700 0 101468065540 0 59747591698 210182083538 229314661490 0 450749116376 0 221434454886 110570742822 131157292385 0 131157292385 208349980971 0 265546584306 404801466986 0 404801466986 365963199190 212867190534 0 313236855749 0 72206930196 0 74302948486 0 54040162977 0 3338383309 1479202327 2940409188 0 5350305327 0 3524223277 0 1150442669 0 52040070 0 15915478 0 20089438 0 15467476 0 10139649 0 1296074 0 400363 0 191358 0 49931 0 52590 0 28628 0 12515 171 190 0 244 0 76 0 30 0 8 7 0 2 1 0 1 0 0
0 1 -1 3 -1 2 11 0 17 752 -1 3907 -1 10322 -1 14840 -1 14769 -1 7096 2246 2948 1230 8906 -1 14153 36581 0 92093 109819 -1 264001 -1 134221050 -1 874513220 -1 3910930684 -1 10511026355 -1 18992733941 -1 18661742524 -1 22881515897 -1 26583160430 -1 43519692536 -1 67379450697 -1 97291264328 -1 106501973827 -1 90484328748 -1 140608999240 -1 161215657238 -1 499244336726 -1 680063777866 -1 450749116376 221434454886 110570742822 131157292385 131157292385 -1 339507273356 -1 670348051292 -1 404801466986 404801466986 578830389724 -1 526104046283 -1 313236855749 72206930196 74302948486 -1 128343111463 -1 57378546286 -1 7757994824 -1 8290714515 -1 8874528604 -1 3524223277 1150442669 52040070 -1 52040070 15915478 20089438 -1 35556914 -1 25607125 -1 10139649 1296074 400363 -1 591721 -1 191358 49931 52590 -1 81218 -1 41143 -1 12876 -1 190 244 0 76 30 -1 30 8 7 0 3 -1 2 -1 1 0
0 1 0 3 0 2 11 0 17 752 0 3907 0 10322 0 14840 0 14769 0 7096 2246 2948 1230 8906 0 14153 36581 0 92093 109819 0 264001 0 134221050 0 874513220 0 3910930684 0 10511026355 0 18992733941 0 18661742524 0 22881515897 0 26583160430 0 43519692536 0 67379450697 0 97291264328 0 106501973827 0 90484328748 0 140608999240 0 161215657238 0 499244336726 0 680063777866 0 450749116376 221434454886 110570742822 131157292385 131157292385 0 339507273356 0 670348051292 0 404801466986 404801466986 578830389724 0 526104046283 0 313236855749 72206930196 74302948486 0 128343111463 0 57378546286 0 7757994824 0 8290714515 0 8874528604 0 3524223277 1150442669 52040070 0 52040070 15915478 20089438 0 35556914 0 25607125 0 10139649 1296074 400363 0 591721 0 191358 49931 52590 0 81218 0 41143 0 12876 0 190 244 0 76 30 0 30 8 7 0 3 0 2 0 1 0
1 -1 4 -1 3 2 11 0 769 -1 752 3907 10322 -1 10322 14840 14769 -1 21865 -1 12290 -1 13084 -1 23059 -1 50734 -1 201912 -1 109819 264001 0 134221050 0 874513220 3910930684 -1 14421957039 -1 29503760296 -1 37654476465 -1 41543258421 -1 49464676327 -1 26583160430 43519692536 0 67379450697 97291264328 -1 203793238155 -1 196986302575 -1 231093327988 -1 301824656478 -1 161215657238 499244336726 680063777866 -1 680063777866 450749116376 221434454886 110570742822 131157292385 131157292385 339507273356 -1 1009855324648 -1 670348051292 404801466986 983631856710 -1 1104934436007 -1 526104046283 313236855749 146509878682 -1 202646059949 -1 128343111463 57378546286 7757994824 -1 16048709339 -1 17165243119 -1 12398751881 -1 4674665946 52040070 52040070 -1 67955548 20089438 35556914 -1 61164039 -1 25607125 10139649 1296074 400363 0 591721 191358 -1 241289 52590 0 81218 41143 -1 54019 -1 13066 -1 434 -1 76 30 0 30 15 -1 7 3 2 -1 3 -1 1
1 0 4 0 3 2 11 0 769 0 752 3907 10322 0 10322 14840 14769 0 21865 0 12290 0 13084 0 23059 0 50734 0 201912 0 109819 264001 0 134221050 0 874513220 3910930684 0 14421957039 0 29503760296 0 37654476465 0 41543258421 0 49464676327 0 26583160430 43519692536 0 67379450697 97291264328 0 203793238155 0 196986302575 0 231093327988 0 301824656478 0 161215657238 499244336726 680063777866 0 680063777866 450749116376 221434454886 110570742822 131157292385 131157292385 339507273356 0 1009855324648 0 670348051292 404801466986 983631856710 0 1104934436007 0 526104046283 313236855749 146509878682 0 202646059949 0 128343111463 57378546286 7757994824 0 16048709339 0 17165243119 0 12398751881 0 4674665946 52040070 52040070 0 67955548 20089438 35556914 0 61164039 0 25607125 10139649 1296074 400363 0 591721 191358 0 241289 52590 0 81218 41143 0 54019 0 13066 0 434 0 76 30 0 30 15 0 7 3 2 0 3 0 1
